RSS: 5.174864596875e9
duration_parameter 6.58255033557047
susceptibility_parameters [3.2577181208053694, 3.865771812080537, 3.771812080536913, 5.11006711409396, 4.406040268456376, 4.191275167785235, 4.26510067114094]
temperature_parameters [-0.8798657718120806, -0.72751677852349, -0.097248322147651, -0.47651006711409394, -0.10664429530201343, -0.10194630872483221, -0.8201342281879195]

RSS: 4.866552461875e9
duration_parameter 6.616107382550336
susceptibility_parameters [3.3449664429530204, 3.540268456375839, 3.7315436241610738, 4.750335570469798, 4.37248322147651, 4.3389261744966445, 4.1879194630872485]
temperature_parameters [-0.8026845637583893, -0.7604026845637584, -0.05228187919463088, -0.4697986577181208, -0.1053020134228188, -0.02543624161073825, -0.8926174496644296]

RSS: 7.615302266875e9
duration_parameter 6.579194630872483
susceptibility_parameters [3.1033557046979867, 3.9093959731543624, 3.442953020134228, 4.6, 4.449664429530201, 4.093959731543624, 4.231543624161074]
temperature_parameters [-0.8268456375838926, -0.7597315436241611, -0.050939597315436236, -0.41677852348993294, -0.0704026845637584, -0.09120805369127516, -0.8369127516778524]

RSS: 5.496462616875e9
duration_parameter 6.5087248322147655
susceptibility_parameters [3.3986577181208055, 3.6946308724832213, 3.5906040268456376, 5.169127516778524, 4.348993288590604, 4.416107382550336, 4.046979865771812]
temperature_parameters [-0.8442953020134228, -0.7067114093959731, -0.034832214765100664, -0.4161073825503356, -0.08986577181208054, -0.023422818791946312, -0.812751677852349]

RSS: 1.1829468153375e10
duration_parameter 6.491946308724833
susceptibility_parameters [3.512751677852349, 3.664429530201342, 3.214765100671141, 5.07248322147651, 4.1879194630872485, 4.104026845637584, 4.1375838926174495]
temperature_parameters [-0.8134228187919463, -0.723489932885906, -0.08114093959731544, -0.4295302013422819, -0.040872483221476505, -0.09389261744966443, -0.8906040268456377]

RSS: 7.993793807375e9
duration_parameter 6.505369127516778
susceptibility_parameters [3.425503355704698, 3.7583892617449663, 3.4496644295302015, 5.212080536912752, 4.073825503355705, 4.1879194630872485, 4.496644295302014]
temperature_parameters [-0.8476510067114095, -0.7691275167785235, -0.03885906040268455, -0.49463087248322146, -0.10731543624161075, -0.022080536912751664, -0.8758389261744967]

RSS: 5.554731599875e9
duration_parameter 6.575838926174497
susceptibility_parameters [3.3684563758389263, 3.6610738255033555, 3.8322147651006713, 4.798657718120805, 4.25503355704698, 4.0369127516778525, 4.389261744966443]
temperature_parameters [-0.8590604026845637, -0.7100671140939597, -0.09859060402684564, -0.4134228187919463, -0.06100671140939597, -0.015369127516778519, -0.8248322147651007]

RSS: 7.631680849375e9
duration_parameter 6.287248322147652
susceptibility_parameters [3.465771812080537, 3.9832214765100673, 3.7651006711409396, 5.21744966442953, 4.416107382550336, 4.345637583892618, 4.114093959731544]
temperature_parameters [-0.8053691275167786, -0.7657718120805369, -0.07979865771812081, -0.47516778523489933, -0.039530201342281884, -0.10798657718120805, -0.8697986577181208]

RSS: 1.9277252363875e10
duration_parameter 6.2838926174496645
susceptibility_parameters [3.2879194630872486, 3.815436241610738, 3.778523489932886, 4.6107382550335565, 4.087248322147651, 4.248322147651007, 4.429530201342282]
temperature_parameters [-0.853020134228188, -0.763758389261745, -0.048255033557046974, -0.4818791946308725, -0.11, -0.05899328859060402, -0.8114093959731544]

RSS: 6.796298583875e9
duration_parameter 6.401342281879195
susceptibility_parameters [3.3885906040268456, 3.7986577181208054, 3.563758389261745, 4.991946308724832, 4.402684563758389, 4.483221476510067, 4.348993288590604]
temperature_parameters [-0.8308724832214766, -0.7389261744966443, -0.06973154362416108, -0.48590604026845635, -0.10932885906040268, -0.026778523489932884, -0.8859060402684564]

RSS: 5.300900921875e9
duration_parameter 6.595973154362416
susceptibility_parameters [3.2711409395973154, 3.587248322147651, 3.684563758389262, 5.185234899328859, 4.4865771812080535, 4.006711409395973, 4.459731543624161]
temperature_parameters [-0.8335570469798658, -0.7140939597315435, -0.08986577181208054, -0.4429530201342282, -0.03147651006711409, -0.06167785234899329, -0.8885906040268456]

RSS: 1.2014160445875e10
duration_parameter 6.253691275167785
susceptibility_parameters [3.3583892617449664, 3.9161073825503356, 3.9328859060402683, 5.056375838926175, 4.120805369127517, 4.493288590604027, 4.345637583892618]
temperature_parameters [-0.8503355704697987, -0.7718120805369127, -0.08315436241610738, -0.4107382550335571, -0.044899328859060395, -0.097248322147651, -0.8261744966442953]

RSS: 2.5758319211375e10
duration_parameter 6.270469798657718
susceptibility_parameters [3.5194630872483224, 3.9798657718120807, 3.295302013422819, 4.739597315436241, 4.426174496644295, 4.197986577181208, 4.3389261744966445]
temperature_parameters [-0.8604026845637585, -0.7651006711409396, -0.04557046979865771, -0.4389261744966443, -0.09993288590604027, -0.10731543624161075, -0.8422818791946309]

RSS: 8.002631942875e9
duration_parameter 6.693288590604027
susceptibility_parameters [3.297986577181208, 3.8053691275167787, 3.1006711409395975, 5.281879194630873, 4.006711409395973, 4.241610738255034, 4.382550335570469]
temperature_parameters [-0.8838926174496644, -0.7442953020134229, -0.053624161073825505, -0.4671140939597316, -0.048255033557046974, -0.09590604026845638, -0.851006711409396]

RSS: 1.1349193273375e10
duration_parameter 6.622818791946309
susceptibility_parameters [3.3046979865771813, 3.8691275167785237, 3.0201342281879193, 5.3892617449664435, 4.429530201342282, 4.174496644295302, 4.298657718120805]
temperature_parameters [-0.8322147651006712, -0.7684563758389262, -0.040872483221476505, -0.42751677852348996, -0.08046979865771811, -0.04020134228187919, -0.9]

RSS: 1.4234344877875e10
duration_parameter 6.431543624161074
susceptibility_parameters [3.4791946308724833, 3.895973154362416, 3.4161073825503356, 4.74496644295302, 4.057046979865772, 4.053691275167785, 4.104026845637584]
temperature_parameters [-0.8966442953020135, -0.7369127516778523, -0.07644295302013424, -0.4214765100671141, -0.1012751677852349, -0.07375838926174497, -0.8865771812080537]

RSS: 1.3765043252875e10
duration_parameter 6.290604026845638
susceptibility_parameters [3.58993288590604, 3.704697986577181, 3.7449664429530203, 4.766442953020134, 4.177852348993288, 4.285234899328859, 4.489932885906041]
temperature_parameters [-0.8543624161073826, -0.7167785234899329, -0.08046979865771811, -0.4033557046979866, -0.08315436241610738, -0.0361744966442953, -0.874496644295302]

RSS: 2.1328485295875e10
duration_parameter 6.246979865771812
susceptibility_parameters [3.1302013422818793, 3.7315436241610738, 3.6241610738255035, 4.943624161073825, 4.171140939597316, 4.2114093959731544, 4.325503355704698]
temperature_parameters [-0.8, -0.7033557046979866, -0.022080536912751664, -0.43087248322147653, -0.08181208053691275, -0.08516778523489933, -0.8939597315436242]

RSS: 6.287322934375e9
duration_parameter 6.639597315436242
susceptibility_parameters [3.3013422818791947, 3.785234899328859, 3.3691275167785237, 5.25503355704698, 4.496644295302014, 4.449664429530201, 4.395973154362416]
temperature_parameters [-0.8516778523489933, -0.7852348993288591, -0.015369127516778519, -0.44161073825503355, -0.0489261744966443, -0.043557046979865774, -0.8375838926174497]

RSS: 2.0878020993875e10
duration_parameter 6.4080536912751676
susceptibility_parameters [3.559731543624161, 3.8221476510067114, 3.302013422818792, 4.632214765100671, 4.100671140939597, 4.35234899328859, 4.4865771812080535]
temperature_parameters [-0.8738255033557047, -0.7255033557046979, -0.02543624161073825, -0.42885906040268457, -0.015369127516778519, -0.047583892617449663, -0.8778523489932886]

RSS: 5.116133558375e9
duration_parameter 6.626174496644295
susceptibility_parameters [3.2006711409395976, 3.5033557046979866, 3.570469798657718, 4.970469798657718, 4.466442953020135, 4.097315436241611, 4.37248322147651]
temperature_parameters [-0.874496644295302, -0.761744966442953, -0.07174496644295303, -0.4463087248322148, -0.012684563758389264, -0.032818791946308726, -0.838255033557047]

