RSS: 6.751451467875e9
duration_parameter 6.496385542168675
susceptibility_parameters [3.218875502008032, 2.9859437751004014, 3.823293172690763, 4.921686746987952, 5.399598393574297, 4.375502008032129, 3.8453815261044175]
temperature_parameters [-0.866867469879518, -0.822289156626506, -0.09232931726907631, -0.4493975903614458, -0.07465863453815261, -0.03730923694779116, -0.821285140562249]

RSS: 2.0700728419875e10
duration_parameter 6.534939759036145
susceptibility_parameters [2.6325301204819276, 2.644578313253012, 3.4859437751004014, 5.5, 5.238955823293173, 3.7771084337349397, 4.455823293172691]
temperature_parameters [-0.9122489959839357, -0.7736947791164659, -0.024056224899598383, -0.39819277108433737, -0.04132530120481927, -0.08028112449799196, -0.8385542168674699]

RSS: 8.204426267875e9
duration_parameter 6.648192771084338
susceptibility_parameters [2.7771084337349397, 2.9899598393574296, 3.321285140562249, 5.3955823293172696, 4.885542168674699, 4.234939759036145, 3.9377510040160644]
temperature_parameters [-0.85, -0.8471887550200803, -0.1095983935742972, -0.308433734939759, -0.0670281124497992, -0.012811244979919673, -0.827710843373494]

RSS: 1.0483400419875e10
duration_parameter 6.607228915662651
susceptibility_parameters [2.6686746987951806, 3.0903614457831328, 3.859437751004016, 4.676706827309237, 4.736947791164659, 4.014056224899599, 3.9578313253012047]
temperature_parameters [-0.9303212851405622, -0.8002008032128514, -0.0529718875502008, -0.33192771084337347, -0.03208835341365461, -0.08469879518072289, -0.8020080321285141]

RSS: 8.268002704375e9
duration_parameter 6.546987951807229
susceptibility_parameters [3.4919678714859437, 3.359437751004016, 3.289156626506024, 5.002008032128514, 4.616465863453815, 4.238955823293173, 4.335341365461847]
temperature_parameters [-0.9206827309236948, -0.756425702811245, -0.03730923694779116, -0.3325301204819277, -0.016024096385542155, -0.05779116465863454, -0.8196787148594378]

RSS: 1.5724157671875e10
duration_parameter 6.626506024096385
susceptibility_parameters [2.604417670682731, 2.5160642570281126, 3.465863453815261, 4.865461847389558, 4.949799196787149, 3.789156626506024, 3.7971887550200805]
temperature_parameters [-0.9495983935742971, -0.8383534136546185, -0.02726907630522088, -0.4234939759036145, -0.04775100401606426, -0.09835341365461847, -0.8353413654618475]

RSS: 7.303953466375e9
duration_parameter 6.807228915662651
susceptibility_parameters [3.122489959839357, 2.5963855421686746, 3.8473895582329316, 4.809236947791165, 5.459839357429718, 4.062248995983936, 3.9779116465863456]
temperature_parameters [-0.9487951807228915, -0.8246987951807229, -0.1059839357429719, -0.4036144578313253, -0.08590361445783132, -0.04654618473895582, -0.8305220883534137]

RSS: 8.024975986875e9
duration_parameter 6.645783132530121
susceptibility_parameters [2.9096385542168672, 3.0582329317269075, 3.5060240963855422, 5.018072289156627, 5.186746987951807, 3.785140562248996, 3.5120481927710845]
temperature_parameters [-0.8913654618473895, -0.8439759036144578, -0.07666666666666666, -0.3120481927710843, -0.07345381526104418, -0.09152610441767067, -0.8052208835341366]

RSS: 5.212581824375e9
duration_parameter 6.983132530120482
susceptibility_parameters [2.9417670682730925, 3.2630522088353415, 3.0803212851405624, 4.628514056224899, 5.030120481927711, 3.5883534136546187, 3.9457831325301207]
temperature_parameters [-0.9146586345381525, -0.7676706827309236, -0.10357429718875502, -0.3921686746987952, -0.06502008032128515, -0.03248995983935743, -0.8220883534136547]

RSS: 1.1292809222375e10
duration_parameter 6.742168674698795
susceptibility_parameters [2.5963855421686746, 2.7730923694779115, 3.959839357429719, 4.897590361445783, 5.4638554216867465, 4.43574297188755, 3.748995983935743]
temperature_parameters [-0.9255020080321285, -0.8451807228915662, -0.07586345381526105, -0.3680722891566265, -0.03971887550200803, -0.06180722891566265, -0.8325301204819278]

RSS: 1.3349945153875e10
duration_parameter 6.667469879518072
susceptibility_parameters [2.680722891566265, 2.5843373493975905, 3.8112449799196786, 4.556224899598393, 5.271084337349397, 3.5803212851405624, 4.194779116465863]
temperature_parameters [-0.9242971887550201, -0.7512048192771085, -0.07184738955823293, -0.36987951807228914, -0.06542168674698795, -0.06220883534136546, -0.893574297188755]

RSS: 6.497513408875e9
duration_parameter 6.893975903614458
susceptibility_parameters [2.8493975903614457, 3.5, 3.610441767068273, 5.263052208835341, 5.162650602409639, 3.7048192771084336, 3.7048192771084336]
temperature_parameters [-0.9226907630522088, -0.779718875502008, -0.010803212851405605, -0.4475903614457831, -0.017630522088353417, -0.056586345381526106, -0.844578313253012]

RSS: 6.408724251375e9
duration_parameter 6.612048192771084
susceptibility_parameters [3.467871485943775, 2.9578313253012047, 3.646586345381526, 5.22289156626506, 4.532128514056225, 3.7289156626506026, 3.5803212851405624]
temperature_parameters [-0.9042168674698795, -0.8146586345381526, -0.0670281124497992, -0.3759036144578313, -0.08871485943775101, -0.10799196787148595, -0.806425702811245]

RSS: 1.1004066611875e10
duration_parameter 6.857831325301205
susceptibility_parameters [2.8775100401606424, 2.6365461847389557, 3.9518072289156625, 5.423694779116466, 5.4156626506024095, 4.2510040160642575, 4.186746987951807]
temperature_parameters [-0.890160642570281, -0.7724899598393574, -0.07506024096385541, -0.42650602409638555, -0.09152610441767067, -0.03530120481927711, -0.8369477911646587]

RSS: 2.3548472681375e10
duration_parameter 6.404819277108434
susceptibility_parameters [3.4718875502008033, 2.5120481927710845, 3.281124497991968, 4.86144578313253, 5.062248995983936, 3.897590361445783, 4.271084337349397]
temperature_parameters [-0.9134538152610442, -0.7544176706827309, -0.023253012048192773, -0.4343373493975904, -0.04895582329317269, -0.09433734939759036, -0.891566265060241]

RSS: 1.6321838627375e10
duration_parameter 6.669879518072289
susceptibility_parameters [2.817269076305221, 2.6244979919678713, 3.429718875502008, 4.528112449799197, 4.636546184738956, 3.532128514056225, 3.821285140562249]
temperature_parameters [-0.8849397590361445, -0.769277108433735, -0.015622489959839364, -0.36927710843373496, -0.07586345381526105, -0.018032128514056223, -0.8879518072289156]

RSS: 6.216839058875e9
duration_parameter 6.843373493975903
susceptibility_parameters [3.0261044176706826, 2.676706827309237, 3.9558232931726907, 4.616465863453815, 4.716867469879518, 4.102409638554217, 3.6887550200803214]
temperature_parameters [-0.8889558232931727, -0.7688755020080321, -0.013212851405622492, -0.32108433734939756, -0.06783132530120482, -0.025261044176706826, -0.8518072289156626]

RSS: 5.410119479375e9
duration_parameter 6.930120481927711
susceptibility_parameters [3.3313253012048194, 3.387550200803213, 3.0883534136546187, 4.572289156626506, 4.833333333333333, 3.7329317269076308, 4.090361445783133]
temperature_parameters [-0.9130522088353413, -0.7917670682730924, -0.030080321285140557, -0.3783132530120482, -0.05698795180722891, -0.09875502008032129, -0.8855421686746988]

RSS: 9.179006417875e9
duration_parameter 6.604819277108434
susceptibility_parameters [3.3835341365461846, 2.9016064257028114, 3.4698795180722892, 5.4879518072289155, 4.809236947791165, 3.6887550200803214, 4.339357429718875]
temperature_parameters [-0.9102409638554216, -0.7753012048192771, -0.036907630522088355, -0.31987951807228915, -0.011204819277108424, -0.03851405622489959, -0.8441767068273093]

RSS: 1.0445618502375e10
duration_parameter 6.7614457831325305
susceptibility_parameters [2.536144578313253, 3.0943775100401605, 3.1606425702811247, 4.684738955823293, 5.255020080321285, 4.4879518072289155, 3.805220883534137]
temperature_parameters [-0.892570281124498, -0.7993975903614458, -0.0348995983935743, -0.3024096385542169, -0.043333333333333335, -0.04614457831325301, -0.8746987951807229]

RSS: 1.7701008642375e10
duration_parameter 6.467469879518073
susceptibility_parameters [2.7409638554216866, 2.961847389558233, 3.819277108433735, 4.520080321285141, 5.198795180722891, 4.094377510040161, 3.929718875502008]
temperature_parameters [-0.8608433734939759, -0.7893574297188755, -0.038112449799196785, -0.32469879518072287, -0.0955421686746988, -0.10558232931726907, -0.8421686746987952]

RSS: 6.270473965375e9
duration_parameter 6.718072289156627
susceptibility_parameters [3.423694779116466, 2.7008032128514055, 3.923694779116466, 5.042168674698795, 4.769076305220883, 3.961847389558233, 4.279116465863454]
temperature_parameters [-0.9090361445783133, -0.8022088353413654, -0.013614457831325297, -0.43855421686746987, -0.029678714859437752, -0.1059839357429719, -0.8381526104417671]

RSS: 1.7422280633875e10
duration_parameter 6.493975903614458
susceptibility_parameters [2.7931726907630523, 2.9497991967871484, 3.253012048192771, 4.668674698795181, 4.676706827309237, 4.459839357429718, 3.7610441767068274]
temperature_parameters [-0.8632530120481927, -0.8066265060240964, -0.056586345381526106, -0.441566265060241, -0.01963855421686747, -0.04493975903614458, -0.8526104417670683]

RSS: 1.9706832936375e10
duration_parameter 6.525301204819278
susceptibility_parameters [3.0461847389558234, 3.495983935742972, 3.393574297188755, 4.728915662650603, 5.070281124497992, 3.5281124497991967, 3.8293172690763053]
temperature_parameters [-0.8761044176706827, -0.7773092369477912, -0.08871485943775101, -0.36265060240963853, -0.10718875502008032, -0.03771084337349398, -0.8594377510040161]

RSS: 6.178149513375e9
duration_parameter 6.633734939759036
susceptibility_parameters [3.335341365461847, 3.4116465863453813, 3.674698795180723, 4.548192771084337, 4.7730923694779115, 3.825301204819277, 3.889558232931727]
temperature_parameters [-0.8773092369477912, -0.8475903614457831, -0.031686746987951805, -0.44819277108433736, -0.03530120481927711, -0.07867469879518071, -0.8606425702811246]

RSS: 6.990192653375e9
duration_parameter 6.756626506024096
susceptibility_parameters [2.8012048192771086, 3.355421686746988, 3.7309236947791167, 5.403614457831325, 4.5, 4.210843373493976, 3.6325301204819276]
temperature_parameters [-0.8781124497991968, -0.7957831325301205, -0.030883534136546167, -0.40963855421686746, -0.07265060240963855, -0.10718875502008032, -0.8538152610441767]

RSS: 1.0590259709375e10
duration_parameter 6.860240963855421
susceptibility_parameters [3.319277108433735, 3.2590361445783134, 3.927710843373494, 5.01004016064257, 5.042168674698795, 4.206827309236948, 4.206827309236948]
temperature_parameters [-0.856425702811245, -0.8395582329317269, -0.10879518072289157, -0.31265060240963854, -0.038112449799196785, -0.10919678714859438, -0.8779116465863455]

RSS: 5.919749338375e9
duration_parameter 6.575903614457832
susceptibility_parameters [3.13855421686747, 3.1144578313253013, 3.682730923694779, 5.259036144578313, 5.090361445783133, 4.383534136546185, 4.066265060240964]
temperature_parameters [-0.8716867469879518, -0.8214859437751004, -0.014016064257028102, -0.35240963855421686, -0.10919678714859438, -0.0955421686746988, -0.8449799196787149]

RSS: 9.190408955375e9
duration_parameter 6.445783132530121
susceptibility_parameters [3.4518072289156625, 3.2791164658634537, 3.4176706827309236, 5.411646586345381, 4.985943775100401, 4.01004016064257, 3.8815261044176705]
temperature_parameters [-0.9423694779116465, -0.7837349397590361, -0.028072289156626504, -0.4295180722891566, -0.04092369477911646, -0.09714859437751004, -0.8791164658634538]

RSS: 6.301303258875e9
duration_parameter 6.660240963855422
susceptibility_parameters [3.0582329317269075, 2.805220883534137, 3.622489959839357, 5.106425702811245, 4.997991967871486, 4.038152610441767, 3.608433734939759]
temperature_parameters [-0.8973895582329317, -0.8303212851405622, -0.10839357429718875, -0.3301204819277108, -0.015622489959839364, -0.06983935742971888, -0.8867469879518073]

RSS: 1.4709169538875e10
duration_parameter 6.5204819277108435
susceptibility_parameters [2.7971887550200805, 2.817269076305221, 3.755020080321285, 5.182730923694779, 5.206827309236948, 3.748995983935743, 3.604417670682731]
temperature_parameters [-0.8977911646586345, -0.7616465863453815, -0.05176706827309237, -0.3337349397590361, -0.03771084337349398, -0.08429718875502008, -0.8995983935742972]

RSS: 8.608356176875e9
duration_parameter 6.992771084337349
susceptibility_parameters [3.387550200803213, 3.479919678714859, 3.112449799196787, 5.170682730923695, 5.475903614457831, 3.8815261044176705, 4.190763052208835]
temperature_parameters [-0.8857429718875501, -0.828714859437751, -0.032891566265060235, -0.3650602409638554, -0.10477911646586345, -0.059799196787148595, -0.8084337349397591]

RSS: 7.630870416375e9
duration_parameter 6.96144578313253
susceptibility_parameters [3.4477911646586348, 3.467871485943775, 3.068273092369478, 5.0582329317269075, 5.046184738955823, 4.267068273092369, 3.532128514056225]
temperature_parameters [-0.8544176706827309, -0.8226907630522088, -0.08309236947791165, -0.39518072289156625, -0.05176706827309237, -0.09795180722891567, -0.8718875502008032]

RSS: 1.0291549309375e10
duration_parameter 6.6650602409638555
susceptibility_parameters [2.744979919678715, 2.8012048192771086, 3.9437751004016066, 4.969879518072289, 5.018072289156627, 4.455823293172691, 3.9497991967871484]
temperature_parameters [-0.8744979919678715, -0.8114457831325301, -0.03610441767068272, -0.4283132530120482, -0.10236947791164659, -0.06783132530120482, -0.8983935742971888]

RSS: 9.866252133875e9
duration_parameter 6.819277108433735
susceptibility_parameters [2.708835341365462, 2.9939759036144578, 3.78714859437751, 5.475903614457831, 4.704819277108434, 4.371485943775101, 3.640562248995984]
temperature_parameters [-0.905421686746988, -0.8295180722891566, -0.10036144578313252, -0.4246987951807229, -0.08309236947791165, -0.07265060240963855, -0.8726907630522088]

RSS: 5.286746478375e9
duration_parameter 6.6409638554216865
susceptibility_parameters [3.2751004016064256, 3.3433734939759034, 3.8032128514056227, 4.793172690763052, 5.411646586345381, 4.026104417670683, 4.07429718875502]
temperature_parameters [-0.8644578313253012, -0.8463855421686747, -0.0955421686746988, -0.3746987951807229, -0.034096385542168664, -0.07666666666666666, -0.8164658634538153]

RSS: 7.295993278875e9
duration_parameter 6.465060240963855
susceptibility_parameters [3.2068273092369477, 2.997991967871486, 3.891566265060241, 5.054216867469879, 5.158634538152611, 4.078313253012048, 3.7730923694779115]
temperature_parameters [-0.9451807228915662, -0.7869477911646586, -0.05578313253012048, -0.4319277108433735, -0.09353413654618474, -0.09634538152610442, -0.810843373493976]

RSS: 7.413206678875e9
duration_parameter 6.848192771084338
susceptibility_parameters [3.2590361445783134, 3.3795180722891565, 3.7751004016064256, 5.331325301204819, 4.857429718875502, 3.86144578313253, 3.504016064257028]
temperature_parameters [-0.9475903614457831, -0.813855421686747, -0.050160642570281126, -0.336144578313253, -0.014016064257028102, -0.050160642570281126, -0.8602409638554217]

RSS: 1.7263495433375e10
duration_parameter 6.578313253012048
susceptibility_parameters [2.805220883534137, 3.3835341365461846, 3.1285140562248994, 5.062248995983936, 5.014056224899599, 3.5642570281124497, 4.2269076305220885]
temperature_parameters [-0.9246987951807228, -0.8347389558232932, -0.1067871485943775, -0.38734939759036147, -0.0666265060240964, -0.10236947791164659, -0.8630522088353414]

RSS: 7.755626457875e9
duration_parameter 6.872289156626506
susceptibility_parameters [2.5200803212851404, 3.255020080321285, 3.6706827309236947, 4.576305220883534, 5.267068273092369, 4.22289156626506, 3.8132530120481927]
temperature_parameters [-0.9419678714859437, -0.8351405622489959, -0.028875502008032114, -0.31867469879518073, -0.06823293172690763, -0.08188755020080321, -0.8253012048192772]

RSS: 1.4969600858375e10
duration_parameter 6.544578313253012
susceptibility_parameters [3.1666666666666665, 3.1265060240963853, 3.1004016064257027, 4.7730923694779115, 5.3955823293172696, 3.9216867469879517, 3.6244979919678713]
temperature_parameters [-0.873293172690763, -0.7877510040160642, -0.08911646586345381, -0.35542168674698793, -0.03851405622489959, -0.10357429718875502, -0.8349397590361446]

RSS: 6.655433099375e9
duration_parameter 6.95421686746988
susceptibility_parameters [2.5481927710843375, 2.9377510040160644, 3.108433734939759, 4.889558232931727, 5.307228915662651, 4.2269076305220885, 4.022088353413655]
temperature_parameters [-0.9283132530120481, -0.7801204819277109, -0.02847389558232931, -0.35602409638554217, -0.08911646586345381, -0.07345381526104418, -0.880722891566265]

RSS: 9.251698946375e9
duration_parameter 6.944578313253012
susceptibility_parameters [2.6365461847389557, 2.781124497991968, 3.7028112449799195, 4.813253012048193, 5.467871485943775, 4.467871485943775, 4.218875502008032]
temperature_parameters [-0.8636546184738956, -0.7881526104417671, -0.07224899598393575, -0.3108433734939759, -0.013614457831325297, -0.05257028112449799, -0.859839357429719]

RSS: 7.292398264375e9
duration_parameter 6.551807228915663
susceptibility_parameters [2.933734939759036, 3.3473895582329316, 3.7429718875502007, 4.905622489959839, 4.592369477911647, 4.066265060240964, 3.961847389558233]
temperature_parameters [-0.9367469879518072, -0.8206827309236948, -0.04534136546184739, -0.3, -0.06140562248995984, -0.026064257028112436, -0.8]

RSS: 1.5284119068375e10
duration_parameter 6.628915662650603
susceptibility_parameters [2.5642570281124497, 2.6566265060240966, 3.9397590361445785, 4.540160642570281, 5.246987951807229, 4.263052208835341, 3.6686746987951806]
temperature_parameters [-0.9022088353413654, -0.760441767068273, -0.10196787148594377, -0.3710843373493976, -0.05738955823293172, -0.06903614457831325, -0.8493975903614458]

RSS: 7.036537526375e9
duration_parameter 6.886746987951807
susceptibility_parameters [2.532128514056225, 3.427710843373494, 3.1164658634538154, 5.1546184738955825, 4.740963855421687, 4.122489959839357, 3.785140562248996]
temperature_parameters [-0.8833333333333333, -0.798995983935743, -0.09152610441767067, -0.33795180722891566, -0.05578313253012048, -0.05819277108433735, -0.8216867469879519]

RSS: 1.2783939529875e10
duration_parameter 6.443373493975904
susceptibility_parameters [2.9819277108433733, 2.929718875502008, 3.5140562248995986, 5.28714859437751, 4.728915662650603, 4.166666666666667, 3.5923694779116464]
temperature_parameters [-0.9014056224899598, -0.8106425702811245, -0.034096385542168664, -0.3927710843373494, -0.029277108433734933, -0.08951807228915662, -0.8060240963855422]

RSS: 6.279565716375e9
duration_parameter 6.968674698795181
susceptibility_parameters [3.174698795180723, 2.536144578313253, 3.1646586345381524, 5.134538152610442, 4.672690763052209, 3.997991967871486, 4.162650602409639]
temperature_parameters [-0.8548192771084338, -0.8275100401606426, -0.03971887550200803, -0.31144578313253013, -0.06301204819277108, -0.04895582329317269, -0.8261044176706828]

RSS: 8.838613580375e9
duration_parameter 6.913253012048193
susceptibility_parameters [2.5, 2.9457831325301207, 3.357429718875502, 5.150602409638554, 5.210843373493976, 4.479919678714859, 4.467871485943775]
temperature_parameters [-0.9026104417670683, -0.8459839357429718, -0.054578313253012045, -0.3469879518072289, -0.09473895582329317, -0.0634136546184739, -0.8658634538152611]

RSS: 8.253988219375e9
duration_parameter 6.816867469879519
susceptibility_parameters [3.050200803212851, 2.9819277108433733, 3.5180722891566267, 5.443775100401607, 5.367469879518072, 4.4397590361445785, 4.0582329317269075]
temperature_parameters [-0.8704819277108433, -0.7969879518072289, -0.08228915662650602, -0.4, -0.09433734939759036, -0.02847389558232931, -0.8839357429718876]

RSS: 6.004434308375e9
duration_parameter 6.573493975903615
susceptibility_parameters [3.407630522088353, 3.022088353413655, 3.9759036144578315, 5.114457831325301, 5.230923694779117, 3.8493975903614457, 3.7771084337349397]
temperature_parameters [-0.8576305220883533, -0.83714859437751, -0.018433734939759028, -0.30783132530120483, -0.08269076305220883, -0.029678714859437752, -0.857429718875502]

RSS: 7.155987842875e9
duration_parameter 6.650602409638554
susceptibility_parameters [2.961847389558233, 3.4839357429718874, 3.5261044176706826, 5.315261044176707, 5.327309236947791, 3.71285140562249, 3.7931726907630523]
temperature_parameters [-0.8817269076305221, -0.8134538152610442, -0.020441767068273095, -0.386144578313253, -0.10558232931726907, -0.09353413654618474, -0.8738955823293173]

RSS: 1.0805912428875e10
duration_parameter 6.52289156626506
susceptibility_parameters [3.038152610441767, 3.323293172690763, 3.783132530120482, 4.524096385542169, 5.194779116465863, 3.8855421686746987, 4.174698795180722]
temperature_parameters [-0.9234939759036144, -0.8182730923694779, -0.021244979919678705, -0.41566265060240964, -0.08228915662650602, -0.014819277108433726, -0.8875502008032129]

RSS: 9.725588142875e9
duration_parameter 6.759036144578314
susceptibility_parameters [2.568273092369478, 3.0622489959839356, 3.710843373493976, 4.945783132530121, 5.3192771084337345, 3.5562248995983934, 4.311244979919679]
temperature_parameters [-0.869277108433735, -0.7748995983935743, -0.07465863453815261, -0.36626506024096384, -0.04293172690763053, -0.05738955823293172, -0.8096385542168675]

RSS: 7.429474248875e9
duration_parameter 6.672289156626507
susceptibility_parameters [3.246987951807229, 2.5522088353413657, 3.9919678714859437, 4.604417670682731, 5.234939759036145, 4.451807228915663, 3.744979919678715]
temperature_parameters [-0.9034136546184739, -0.76285140562249, -0.0702409638554217, -0.32710843373493975, -0.10196787148594377, -0.06502008032128515, -0.8236947791164659]

RSS: 8.280942170375e9
duration_parameter 6.457831325301205
susceptibility_parameters [3.146586345381526, 3.2309236947791167, 3.5542168674698793, 4.837349397590361, 4.652610441767068, 4.1546184738955825, 3.9738955823293174]
temperature_parameters [-0.9439759036144578, -0.826706827309237, -0.06261044176706827, -0.44457831325301206, -0.10839357429718875, -0.09313253012048192, -0.8566265060240964]

RSS: 5.889204634875e9
duration_parameter 6.734939759036145
susceptibility_parameters [3.459839357429719, 2.853413654618474, 3.9357429718875503, 4.508032128514056, 5.2510040160642575, 4.158634538152611, 3.6485943775100402]
temperature_parameters [-0.9347389558232931, -0.7985943775100401, -0.08831325301204819, -0.33072289156626505, -0.03891566265060241, -0.08710843373493976, -0.8465863453815261]

RSS: 5.992355103875e9
duration_parameter 6.88433734939759
susceptibility_parameters [3.2951807228915664, 3.0863453815261046, 3.0923694779116464, 4.901606425702811, 4.98995983935743, 4.194779116465863, 3.8012048192771086]
temperature_parameters [-0.9066265060240963, -0.7504016064257029, -0.08550200803212851, -0.41686746987951806, -0.03610441767068272, -0.04734939759036144, -0.8248995983935743]

RSS: 8.150706576875e9
duration_parameter 6.997590361445783
susceptibility_parameters [3.1586345381526106, 3.251004016064257, 3.4056224899598395, 4.664658634538153, 4.813253012048193, 4.387550200803213, 4.295180722891566]
temperature_parameters [-0.8600401606425703, -0.7825301204819277, -0.04895582329317269, -0.38012048192771086, -0.05497991967871486, -0.0774698795180723, -0.8156626506024097]

RSS: 7.611237732375e9
duration_parameter 6.698795180722891
susceptibility_parameters [2.8333333333333335, 2.6927710843373496, 3.397590361445783, 4.841365461847389, 5.182730923694779, 4.214859437751004, 4.002008032128514]
temperature_parameters [-0.8720883534136545, -0.7560240963855421, -0.018032128514056223, -0.4427710843373494, -0.09594377510040161, -0.08791164658634538, -0.8666666666666667]

RSS: 6.736178558875e9
duration_parameter 6.855421686746988
susceptibility_parameters [2.7248995983935744, 3.066265060240964, 3.4578313253012047, 4.5602409638554215, 5.1305220883534135, 3.5, 3.5883534136546187]
temperature_parameters [-0.8917670682730924, -0.7793172690763053, -0.07265060240963855, -0.4078313253012048, -0.035702811244979926, -0.05096385542168674, -0.8148594377510041]

RSS: 5.560258694375e9
duration_parameter 6.436144578313253
susceptibility_parameters [3.427710843373494, 3.4477911646586348, 3.6987951807228914, 5.238955823293173, 4.656626506024097, 4.35140562248996, 4.114457831325301]
temperature_parameters [-0.9118473895582329, -0.7897590361445783, -0.03891566265060241, -0.32951807228915664, -0.05337349397590361, -0.07224899598393575, -0.8269076305220884]

RSS: 2.3215194167375e10
duration_parameter 6.440963855421687
susceptibility_parameters [2.608433734939759, 3.002008032128514, 3.7068273092369477, 4.985943775100401, 4.9658634538152615, 3.7610441767068274, 3.8333333333333335]
temperature_parameters [-0.8508032128514056, -0.8335341365461847, -0.05257028112449799, -0.3391566265060241, -0.054578313253012045, -0.10518072289156627, -0.8582329317269076]

RSS: 8.491580201875e9
duration_parameter 6.768674698795181
susceptibility_parameters [2.576305220883534, 2.8734939759036147, 3.6345381526104417, 4.829317269076305, 4.829317269076305, 3.9417670682730925, 4.291164658634538]
temperature_parameters [-0.9379518072289156, -0.7909638554216867, -0.06060240963855421, -0.43373493975903615, -0.012008032128514048, -0.07546184738955823, -0.8923694779116466]

RSS: 1.8725798815875e10
duration_parameter 6.513253012048193
susceptibility_parameters [3.4437751004016066, 2.5080321285140563, 3.0240963855421685, 4.853413654618474, 4.865461847389558, 4.331325301204819, 4.182730923694779]
temperature_parameters [-0.8809236947791165, -0.807429718875502, -0.07345381526104418, -0.3433734939759036, -0.08670682730923694, -0.09072289156626506, -0.8763052208835341]

RSS: 7.946922902875e9
duration_parameter 6.959036144578313
susceptibility_parameters [3.178714859437751, 2.604417670682731, 3.9036144578313254, 4.817269076305221, 5.275100401606426, 3.805220883534137, 4.146586345381526]
temperature_parameters [-0.9182730923694779, -0.8427710843373494, -0.07305220883534136, -0.39036144578313253, -0.013212851405622492, -0.01682730923694778, -0.8497991967871487]

RSS: 9.458357667375e9
duration_parameter 6.932530120481927
susceptibility_parameters [3.0863453815261046, 2.7289156626506026, 3.6184738955823295, 5.1305220883534135, 5.054216867469879, 4.28714859437751, 3.7008032128514055]
temperature_parameters [-0.8841365461847389, -0.7620481927710844, -0.10558232931726907, -0.35903614457831323, -0.02847389558232931, -0.0991566265060241, -0.8172690763052209]

RSS: 6.147450090875e9
duration_parameter 6.72289156626506
susceptibility_parameters [3.463855421686747, 3.106425702811245, 3.2048192771084336, 5.363453815261044, 5.387550200803213, 3.9377510040160644, 4.255020080321285]
temperature_parameters [-0.9291164658634538, -0.8455823293172691, -0.08510040160642571, -0.3957831325301205, -0.012409638554216867, -0.06301204819277108, -0.8578313253012049]

RSS: 7.945674841375e9
duration_parameter 6.643373493975904
susceptibility_parameters [3.0783132530120483, 2.576305220883534, 3.662650602409639, 4.632530120481928, 4.524096385542169, 4.2991967871485945, 3.5281124497991967]
temperature_parameters [-0.9174698795180722, -0.8034136546184739, -0.08951807228915662, -0.41445783132530123, -0.036506024096385536, -0.049759036144578314, -0.8028112449799197]

RSS: 1.1367997805375e10
duration_parameter 6.925301204819277
susceptibility_parameters [2.640562248995984, 3.395582329317269, 4.0, 5.146586345381526, 5.263052208835341, 4.126506024096385, 4.379518072289157]
temperature_parameters [-0.9351405622489959, -0.7777108433734939, -0.08751004016064257, -0.39397590361445783, -0.030481927710843376, -0.0778714859437751, -0.804417670682731]

RSS: 2.2308415415875e10
duration_parameter 6.462650602409639
susceptibility_parameters [2.6726907630522088, 2.5441767068273093, 3.3654618473895583, 5.118473895582329, 4.692771084337349, 4.359437751004016, 4.423694779116466]
temperature_parameters [-0.8897590361445783, -0.8014056224899598, -0.07947791164658635, -0.4072289156626506, -0.08751004016064257, -0.009999999999999995, -0.8232931726907631]

RSS: 7.332238612375e9
duration_parameter 6.68433734939759
susceptibility_parameters [3.3032128514056227, 3.0261044176706826, 3.0522088353413657, 5.399598393574297, 5.291164658634538, 4.054216867469879, 4.471887550200803]
temperature_parameters [-0.9471887550200803, -0.8006024096385542, -0.09514056224899599, -0.35481927710843375, -0.08710843373493976, -0.023654618473895578, -0.8309236947791165]

RSS: 5.756596241875e9
duration_parameter 6.87710843373494
susceptibility_parameters [2.9538152610441766, 2.6325301204819276, 3.176706827309237, 4.544176706827309, 4.877510040160643, 3.708835341365462, 3.893574297188755]
temperature_parameters [-0.945582329317269, -0.8142570281124498, -0.056184738955823293, -0.4198795180722892, -0.07626506024096386, -0.011606425702811243, -0.8457831325301205]

RSS: 6.659074379375e9
duration_parameter 6.84578313253012
susceptibility_parameters [2.7369477911646585, 3.4397590361445785, 3.433734939759036, 4.757028112449799, 5.066265060240964, 3.5120481927710845, 4.495983935742972]
temperature_parameters [-0.9078313253012048, -0.7696787148594377, -0.05899598393574297, -0.41927710843373495, -0.06903614457831325, -0.024859437751004007, -0.8734939759036144]

RSS: 6.653737786375e9
duration_parameter 6.766265060240964
susceptibility_parameters [3.255020080321285, 2.8413654618473894, 3.8313253012048194, 4.953815261044177, 5.331325301204819, 4.050200803212851, 4.367469879518072]
temperature_parameters [-0.8873493975903615, -0.820281124497992, -0.043333333333333335, -0.30903614457831324, -0.025261044176706826, -0.1031726907630522, -0.8843373493975903]

RSS: 9.989188239375e9
duration_parameter 6.739759036144578
susceptibility_parameters [2.5602409638554215, 2.753012048192771, 3.2730923694779115, 4.997991967871486, 5.2991967871485945, 3.8775100401606424, 4.178714859437751]
temperature_parameters [-0.9479919678714859, -0.8058232931726907, -0.08670682730923694, -0.4379518072289157, -0.0742570281124498, -0.08349397590361446, -0.8887550200803213]

RSS: 1.0114222802375e10
duration_parameter 6.55421686746988
susceptibility_parameters [3.3433734939759034, 3.319277108433735, 3.1686746987951806, 4.98995983935743, 5.495983935742972, 3.9056224899598395, 3.8092369477911645]
temperature_parameters [-0.9375502008032128, -0.8367469879518072, -0.09835341365461847, -0.3993975903614458, -0.04212851405622489, -0.049357429718875495, -0.8397590361445784]

RSS: 1.3835621948375e10
duration_parameter 6.568674698795181
susceptibility_parameters [2.8815261044176705, 3.162650602409639, 3.4417670682730925, 4.64859437751004, 5.451807228915663, 3.716867469879518, 4.283132530120482]
temperature_parameters [-0.8552208835341365, -0.8174698795180723, -0.05377510040160643, -0.3132530120481928, -0.09514056224899599, -0.06020080321285141, -0.8048192771084338]

RSS: 1.0592827522875e10
duration_parameter 6.542168674698796
susceptibility_parameters [2.825301204819277, 2.708835341365462, 3.6305220883534135, 4.881526104417671, 4.548192771084337, 4.5, 3.8654618473895583]
temperature_parameters [-0.8724899598393574, -0.8150602409638554, -0.026465863453815255, -0.34879518072289156, -0.08108433734939759, -0.017630522088353417, -0.8329317269076306]

RSS: 1.0491103032375e10
duration_parameter 6.891566265060241
susceptibility_parameters [2.8734939759036147, 3.0060240963855422, 3.9116465863453813, 5.467871485943775, 5.026104417670683, 4.230923694779117, 3.9819277108433733]
temperature_parameters [-0.8640562248995983, -0.7624497991967871, -0.07867469879518071, -0.3060240963855422, -0.04493975903614458, -0.030481927710843376, -0.8542168674698796]

RSS: 1.2696417524875e10
duration_parameter 6.409638554216868
susceptibility_parameters [3.034136546184739, 2.9779116465863456, 3.8514056224899598, 5.495983935742972, 5.0582329317269075, 3.821285140562249, 4.451807228915663]
temperature_parameters [-0.909437751004016, -0.7528112449799197, -0.05096385542168674, -0.41807228915662653, -0.04574297188755021, -0.054578313253012045, -0.8751004016064258]

RSS: 6.071941466875e9
duration_parameter 6.9397590361445785
susceptibility_parameters [2.6485943775100402, 2.8333333333333335, 3.0281124497991967, 4.8694779116465865, 5.114457831325301, 3.92570281124498, 4.150602409638554]
temperature_parameters [-0.8556224899598394, -0.7961847389558233, -0.06461847389558233, -0.44337349397590364, -0.033293172690763054, -0.030080321285140557, -0.8618473895582329]

RSS: 1.8602436655875e10
duration_parameter 6.614457831325302
susceptibility_parameters [2.9056224899598395, 2.5602409638554215, 3.032128514056225, 4.696787148594377, 4.905622489959839, 4.118473895582329, 3.781124497991968]
temperature_parameters [-0.922289156626506, -0.8411646586345382, -0.04574297188755021, -0.33313253012048194, -0.07867469879518071, -0.029277108433734933, -0.8931726907630523]

RSS: 1.1569000719375e10
duration_parameter 6.655421686746989
susceptibility_parameters [2.7289156626506026, 3.1345381526104417, 3.2329317269076308, 4.516064257028113, 4.765060240963855, 4.162650602409639, 3.6967871485943773]
temperature_parameters [-0.9427710843373494, -0.7744979919678715, -0.04253012048192771, -0.4307228915662651, -0.06020080321285141, -0.013614457831325297, -0.8706827309236949]

RSS: 4.3207239520875e10
duration_parameter 6.416867469879518
susceptibility_parameters [2.6887550200803214, 2.893574297188755, 3.2409638554216866, 5.2991967871485945, 4.973895582329317, 3.5200803212851404, 4.459839357429718]
temperature_parameters [-0.8684738955823292, -0.7596385542168674, -0.09273092369477912, -0.3789156626506024, -0.07506024096385541, -0.034096385542168664, -0.8433734939759037]

RSS: 7.126380302375e9
duration_parameter 6.831325301204819
susceptibility_parameters [2.676706827309237, 2.7771084337349397, 3.4016064257028114, 5.267068273092369, 5.086345381526105, 3.9899598393574296, 4.28714859437751]
temperature_parameters [-0.9259036144578313, -0.8291164658634538, -0.05779116465863454, -0.4457831325301205, -0.025662650602409645, -0.024457831325301202, -0.8184738955823293]

RSS: 5.665729436375e9
duration_parameter 6.975903614457831
susceptibility_parameters [2.9578313253012047, 2.9096385542168672, 3.040160642570281, 5.447791164658635, 4.981927710843373, 3.6285140562248994, 3.576305220883534]
temperature_parameters [-0.9323293172690763, -0.7580321285140562, -0.08108433734939759, -0.3566265060240964, -0.07706827309236947, -0.08510040160642571, -0.8522088353413655]

RSS: 1.1454477157875e10
duration_parameter 6.6168674698795185
susceptibility_parameters [2.8694779116465865, 3.2670682730923692, 3.0160642570281126, 5.3192771084337345, 5.407630522088353, 4.411646586345381, 4.030120481927711]
temperature_parameters [-0.9443775100401606, -0.7592369477911647, -0.09353413654618474, -0.32228915662650603, -0.05096385542168674, -0.0670281124497992, -0.8863453815261044]

RSS: 1.6985331151375e10
duration_parameter 6.419277108433735
susceptibility_parameters [2.716867469879518, 3.182730923694779, 3.8795180722891565, 4.736947791164659, 4.684738955823293, 4.086345381526105, 3.7248995983935744]
temperature_parameters [-0.9463855421686747, -0.7841365461847389, -0.10156626506024097, -0.37349397590361444, -0.021646586345381524, -0.025662650602409645, -0.8413654618473896]

RSS: 6.971872042875e9
duration_parameter 6.679518072289157
susceptibility_parameters [2.9698795180722892, 2.7409638554216866, 3.4779116465863456, 5.230923694779117, 4.901606425702811, 4.367469879518072, 3.8734939759036147]
temperature_parameters [-0.8572289156626506, -0.7684738955823293, -0.0778714859437751, -0.422289156626506, -0.09273092369477912, -0.08871485943775101, -0.8200803212851406]

RSS: 7.509781731375e9
duration_parameter 6.7373493975903616
susceptibility_parameters [2.893574297188755, 3.1506024096385543, 3.2008032128514055, 4.5, 5.391566265060241, 4.275100401606426, 4.118473895582329]
temperature_parameters [-0.8825301204819277, -0.7508032128514056, -0.016024096385542155, -0.3885542168674699, -0.030883534136546167, -0.059397590361445776, -0.81285140562249]

RSS: 3.0170423103875e10
duration_parameter 6.453012048192772
susceptibility_parameters [3.0421686746987953, 3.0983935742971886, 3.244979919678715, 4.612449799196787, 4.789156626506024, 3.5923694779116464, 3.716867469879518]
temperature_parameters [-0.8512048192771084, -0.8110441767068273, -0.06582329317269076, -0.4463855421686747, -0.03730923694779116, -0.04132530120481927, -0.819277108433735]

RSS: 1.7529933984375e10
duration_parameter 6.448192771084337
susceptibility_parameters [2.7048192771084336, 3.050200803212851, 3.4377510040160644, 5.210843373493976, 5.118473895582329, 4.198795180722891, 4.014056224899599]
temperature_parameters [-0.8700803212851406, -0.85, -0.06020080321285141, -0.3963855421686747, -0.1067871485943775, -0.04293172690763053, -0.8076305220883535]

RSS: 9.099106831375e9
duration_parameter 6.956626506024096
susceptibility_parameters [2.8092369477911645, 2.9538152610441766, 3.746987951807229, 4.857429718875502, 4.744979919678715, 4.419678714859438, 4.062248995983936]
temperature_parameters [-0.8945783132530121, -0.7680722891566265, -0.02686746987951806, -0.3409638554216867, -0.11, -0.10437751004016065, -0.8180722891566266]

RSS: 1.0166623397375e10
duration_parameter 6.571084337349398
susceptibility_parameters [3.07429718875502, 3.4759036144578315, 3.1726907630522088, 4.789156626506024, 4.757028112449799, 4.279116465863454, 4.4879518072289155]
temperature_parameters [-0.9098393574297189, -0.8311244979919679, -0.06220883534136546, -0.3542168674698795, -0.04534136546184739, -0.0706425702811245, -0.8224899598393575]

RSS: 6.788716164875e9
duration_parameter 6.583132530120482
susceptibility_parameters [3.3393574297188753, 3.4879518072289155, 3.305220883534137, 4.833333333333333, 5.174698795180722, 4.271084337349397, 4.050200803212851]
temperature_parameters [-0.8672690763052209, -0.8062248995983936, -0.044538152610441764, -0.34036144578313254, -0.031285140562248986, -0.08670682730923694, -0.9]

RSS: 7.132004095875e9
duration_parameter 7.0
susceptibility_parameters [2.857429718875502, 2.7369477911646585, 3.3092369477911645, 5.375502008032129, 5.13855421686747, 3.893574297188755, 3.6526104417670684]
temperature_parameters [-0.9178714859437751, -0.803012048192771, -0.049357429718875495, -0.43734939759036146, -0.07144578313253011, -0.026465863453815255, -0.8975903614457832]

RSS: 5.955815505375e9
duration_parameter 6.865060240963856
susceptibility_parameters [3.4357429718875503, 2.8694779116465865, 3.4538152610441766, 4.536144578313253, 5.190763052208835, 4.403614457831325, 4.230923694779117]
temperature_parameters [-0.8837349397590362, -0.7941767068273092, -0.10397590361445783, -0.38674698795180723, -0.08951807228915662, -0.09032128514056224, -0.863855421686747]

RSS: 5.452015109875e9
duration_parameter 6.9228915662650605
susceptibility_parameters [3.0301204819277108, 3.4357429718875503, 3.248995983935743, 4.592369477911647, 4.837349397590361, 4.142570281124498, 4.242971887550201]
temperature_parameters [-0.854016064257028, -0.8070281124497992, -0.10759036144578313, -0.3969879518072289, -0.032891566265060235, -0.07586345381526105, -0.8907630522088353]

RSS: 8.706324805875e9
duration_parameter 6.874698795180723
susceptibility_parameters [2.5120481927710845, 3.102409638554217, 3.63855421686747, 4.9658634538152615, 5.142570281124498, 3.9738955823293174, 4.078313253012048]
temperature_parameters [-0.9275100401606425, -0.7648594377510041, -0.09594377510040161, -0.30542168674698794, -0.014417670682730921, -0.09514056224899599, -0.8546184738955823]

RSS: 7.008855582875e9
duration_parameter 6.771084337349397
susceptibility_parameters [3.066265060240964, 3.335341365461847, 3.8273092369477912, 5.030120481927711, 4.9417670682730925, 4.315261044176707, 3.6285140562248994]
temperature_parameters [-0.9162650602409638, -0.7520080321285141, -0.01682730923694778, -0.39457831325301207, -0.09313253012048192, -0.038112449799196785, -0.8112449799196788]

RSS: 5.941522480875e9
duration_parameter 6.985542168674699
susceptibility_parameters [2.785140562248996, 2.86144578313253, 3.5622489959839356, 5.006024096385542, 4.520080321285141, 3.5602409638554215, 3.71285140562249]
temperature_parameters [-0.8696787148594377, -0.8423694779116465, -0.06622489959839357, -0.3891566265060241, -0.10116465863453815, -0.021244979919678705, -0.8244979919678715]

RSS: 8.681926003375e9
duration_parameter 6.710843373493976
susceptibility_parameters [2.929718875502008, 2.821285140562249, 3.7791164658634537, 5.379518072289157, 4.893574297188755, 4.443775100401607, 4.4397590361445785]
temperature_parameters [-0.8993975903614457, -0.7805220883534136, -0.1031726907630522, -0.39759036144578314, -0.05899598393574297, -0.07305220883534136, -0.8088353413654619]

RSS: 1.3628676683875e10
duration_parameter 6.4
susceptibility_parameters [3.0823293172690764, 3.2429718875502007, 3.337349397590361, 5.4397590361445785, 5.002008032128514, 4.0582329317269075, 3.837349397590361]
temperature_parameters [-0.9403614457831325, -0.792570281124498, -0.10236947791164659, -0.3168674698795181, -0.10759036144578313, -0.05578313253012048, -0.8240963855421687]

RSS: 1.5693747957375e10
duration_parameter 6.549397590361446
susceptibility_parameters [3.162650602409639, 3.0461847389558234, 3.004016064257028, 5.190763052208835, 4.889558232931727, 4.471887550200803, 4.355421686746988]
temperature_parameters [-0.8757028112449798, -0.8491967871485944, -0.04293172690763053, -0.3933734939759036, -0.05216867469879518, -0.07827309236947791, -0.8056224899598394]

RSS: 7.461718629875e9
duration_parameter 6.701204819277109
susceptibility_parameters [3.4397590361445785, 2.7048192771084336, 3.2208835341365463, 4.761044176706827, 4.977911646586345, 3.753012048192771, 3.6365461847389557]
temperature_parameters [-0.8516064257028112, -0.7608433734939759, -0.061004016064257024, -0.38072289156626504, -0.0778714859437751, -0.10076305220883534, -0.8530120481927711]

RSS: 1.3075878632875e10
duration_parameter 6.730120481927711
susceptibility_parameters [2.612449799196787, 3.174698795180723, 3.0120481927710845, 5.242971887550201, 4.993975903614458, 3.9457831325301207, 3.536144578313253]
temperature_parameters [-0.9046184738955823, -0.8162650602409638, -0.04092369477911646, -0.33674698795180724, -0.010401606425702814, -0.04694779116465864, -0.8742971887550202]

RSS: 6.316340120375e9
duration_parameter 6.814457831325301
susceptibility_parameters [2.8453815261044175, 2.612449799196787, 3.3815261044176705, 5.0341365461847385, 4.624497991967871, 4.042168674698795, 4.5]
temperature_parameters [-0.9210843373493975, -0.7953815261044177, -0.04373493975903614, -0.37710843373493974, -0.056586345381526106, -0.10759036144578313, -0.8016064257028113]

RSS: 1.4411426342875e10
duration_parameter 6.595180722891566
susceptibility_parameters [2.837349397590361, 2.5642570281124497, 3.4497991967871484, 5.407630522088353, 4.5120481927710845, 3.744979919678715, 3.6927710843373496]
temperature_parameters [-0.9050200803212851, -0.8327309236947791, -0.09072289156626506, -0.3397590361445783, -0.012811244979919673, -0.013212851405622492, -0.8755020080321285]

RSS: 1.0982617027875e10
duration_parameter 6.537349397590361
susceptibility_parameters [3.4759036144578315, 3.034136546184739, 3.3413654618473894, 4.740963855421687, 5.279116465863454, 3.8654618473895583, 4.275100401606426]
temperature_parameters [-0.9106425702811245, -0.7700803212851406, -0.0172289156626506, -0.43493975903614457, -0.09112449799196787, -0.0638152610441767, -0.8012048192771085]

RSS: 1.4471704026375e10
duration_parameter 6.5277108433734945
susceptibility_parameters [3.291164658634538, 2.8453815261044175, 3.2289156626506026, 4.929718875502008, 5.146586345381526, 3.9136546184738954, 3.540160642570281]
temperature_parameters [-0.8793172690763051, -0.8339357429718876, -0.030481927710843376, -0.3240963855421687, -0.04052208835341366, -0.10156626506024097, -0.8714859437751005]

RSS: 1.6870661271375e10
duration_parameter 6.580722891566265
susceptibility_parameters [3.182730923694779, 2.9216867469879517, 3.2971887550200805, 4.588353413654619, 4.580321285140562, 3.5481927710843375, 3.857429718875502]
temperature_parameters [-0.9070281124497992, -0.7761044176706827, -0.08991967871485944, -0.3204819277108434, -0.024056224899598383, -0.09393574297188756, -0.8337349397590361]

RSS: 1.7073338489875e10
duration_parameter 6.486746987951808
susceptibility_parameters [3.323293172690763, 3.307228915662651, 3.4457831325301207, 5.371485943775101, 5.22289156626506, 3.604417670682731, 4.4156626506024095]
temperature_parameters [-0.9387550200803212, -0.794578313253012, -0.012811244979919673, -0.3704819277108434, -0.031686746987951805, -0.036506024096385536, -0.8562248995983937]

RSS: 6.461349759375e9
duration_parameter 6.4795180722891565
susceptibility_parameters [3.142570281124498, 3.0783132530120483, 3.887550200803213, 4.957831325301205, 5.347389558232932, 4.335341365461847, 4.363453815261044]
temperature_parameters [-0.9467871485943775, -0.7632530120481927, -0.04012048192771084, -0.3192771084337349, -0.06180722891566265, -0.06622489959839357, -0.8622489959839358]

RSS: 7.481282394375e9
duration_parameter 6.990361445783132
susceptibility_parameters [2.5883534136546187, 2.7690763052208833, 3.694779116465863, 4.744979919678715, 4.7971887550200805, 3.8012048192771086, 3.5200803212851404]
temperature_parameters [-0.9447791164658634, -0.7845381526104418, -0.09313253012048192, -0.3825301204819277, -0.09072289156626506, -0.044538152610441764, -0.8453815261044177]

RSS: 7.281851604375e9
duration_parameter 6.918072289156626
susceptibility_parameters [3.4839357429718874, 2.9738955823293174, 3.42570281124498, 4.893574297188755, 4.628514056224899, 4.483935742971887, 3.5240963855421685]
temperature_parameters [-0.896586345381526, -0.7933734939759036, -0.051365461847389556, -0.30301204819277106, -0.09232931726907631, -0.09192771084337349, -0.8642570281124499]

RSS: 5.136997205875e9
duration_parameter 6.746987951807229
susceptibility_parameters [3.1987951807228914, 3.2269076305220885, 3.7630522088353415, 4.716867469879518, 4.632530120481928, 3.781124497991968, 4.327309236947791]
temperature_parameters [-0.898995983935743, -0.8263052208835341, -0.09112449799196787, -0.3042168674698795, -0.07224899598393575, -0.033293172690763054, -0.8361445783132531]

RSS: 1.3975360707375e10
duration_parameter 6.942168674698795
susceptibility_parameters [3.3795180722891565, 3.3112449799196786, 3.855421686746988, 5.419678714859438, 5.082329317269076, 4.343373493975903, 3.680722891566265]
temperature_parameters [-0.9198795180722891, -0.7981927710843373, -0.03248995983935743, -0.31506024096385543, -0.0276706827309237, -0.07144578313253011, -0.8345381526104418]

RSS: 9.445913145375e9
duration_parameter 6.693975903614458
susceptibility_parameters [3.2309236947791167, 2.8092369477911645, 3.1967871485943773, 5.291164658634538, 4.596385542168675, 3.536144578313253, 3.86144578313253]
temperature_parameters [-0.9327309236947791, -0.8283132530120482, -0.067429718875502, -0.35, -0.10076305220883534, -0.10879518072289157, -0.870281124497992]

RSS: 1.6243389499875e10
duration_parameter 6.501204819277109
susceptibility_parameters [3.307228915662651, 2.8293172690763053, 3.6867469879518073, 4.993975903614458, 4.933734939759036, 3.568273092369478, 4.371485943775101]
temperature_parameters [-0.8929718875502007, -0.8230923694779116, -0.09955823293172691, -0.363855421686747, -0.06983935742971888, -0.018835341365461833, -0.8991967871485944]

RSS: 6.171909576875e9
duration_parameter 6.833734939759037
susceptibility_parameters [3.022088353413655, 2.532128514056225, 3.0200803212851404, 5.459839357429718, 4.544176706827309, 4.13855421686747, 4.35140562248996]
temperature_parameters [-0.8885542168674698, -0.809437751004016, -0.09995983935742972, -0.3072289156626506, -0.061004016064257024, -0.07706827309236947, -0.8313253012048193]

RSS: 6.423706197875e9
duration_parameter 6.862650602409639
susceptibility_parameters [2.9457831325301207, 3.431726907630522, 3.0, 5.094377510040161, 4.5602409638554215, 4.2028112449799195, 3.8413654618473894]
temperature_parameters [-0.8985943775100401, -0.7672690763052209, -0.041726907630522087, -0.43012048192771085, -0.10357429718875502, -0.05497991967871486, -0.8827309236947791]

RSS: 1.9497364696875e10
duration_parameter 6.421686746987952
susceptibility_parameters [3.210843373493976, 2.7610441767068274, 3.36144578313253, 4.596385542168675, 5.110441767068274, 4.006024096385542, 3.676706827309237]
temperature_parameters [-0.9335341365461847, -0.801004016064257, -0.059799196787148595, -0.44216867469879517, -0.023654618473895578, -0.07465863453815261, -0.8722891566265061]

RSS: 5.370274922875e9
duration_parameter 6.7783132530120485
susceptibility_parameters [3.3514056224899598, 2.6646586345381524, 3.5421686746987953, 4.652610441767068, 5.022088353413655, 4.355421686746988, 4.234939759036145]
temperature_parameters [-0.9431726907630522, -0.8186746987951807, -0.10919678714859438, -0.30662650602409636, -0.044538152610441764, -0.04775100401606426, -0.8690763052208835]

RSS: 1.7527869771375e10
duration_parameter 6.559036144578314
susceptibility_parameters [2.71285140562249, 2.8493975903614457, 3.714859437751004, 5.174698795180722, 5.28714859437751, 3.5080321285140563, 3.8775100401606424]
temperature_parameters [-0.95, -0.8190763052208835, -0.07827309236947791, -0.41204819277108434, -0.0710441767068273, -0.08751004016064257, -0.8297188755020081]

RSS: 6.239813326375e9
duration_parameter 6.903614457831325
susceptibility_parameters [3.2791164658634537, 3.146586345381526, 3.522088353413655, 4.672690763052209, 4.724899598393574, 4.339357429718875, 3.612449799196787]
temperature_parameters [-0.8528112449799197, -0.7821285140562249, -0.012409638554216867, -0.34156626506024096, -0.07987951807228916, -0.020843373493975886, -0.8160642570281125]

RSS: 6.283230438875e9
duration_parameter 6.853012048192771
susceptibility_parameters [3.0180722891566267, 3.3152610441767068, 3.642570281124498, 5.347389558232932, 5.106425702811245, 3.6566265060240966, 3.7690763052208833]
temperature_parameters [-0.8869477911646586, -0.7716867469879518, -0.01963855421686747, -0.39096385542168677, -0.09634538152610442, -0.05216867469879518, -0.8116465863453816]

RSS: 6.905378083375e9
duration_parameter 6.706024096385542
susceptibility_parameters [3.2269076305220885, 2.748995983935743, 3.967871485943775, 5.098393574297189, 4.781124497991968, 4.174698795180722, 3.933734939759036]
temperature_parameters [-0.939156626506024, -0.7857429718875502, -0.025261044176706826, -0.31626506024096385, -0.028875502008032114, -0.10397590361445783, -0.8650602409638555]

RSS: 8.570552302875e9
duration_parameter 6.662650602409639
susceptibility_parameters [2.7570281124497993, 3.4919678714859437, 3.8674698795180724, 5.383534136546185, 4.873493975903615, 3.6967871485943773, 4.018072289156627]
temperature_parameters [-0.8624497991967871, -0.8086345381526104, -0.08389558232931726, -0.4150602409638554, -0.021244979919678705, -0.0529718875502008, -0.8176706827309237]

RSS: 5.526210438875e9
duration_parameter 6.775903614457832
susceptibility_parameters [3.1345381526104417, 3.2751004016064256, 3.180722891566265, 4.77710843373494, 4.528112449799197, 3.9016064257028114, 4.411646586345381]
temperature_parameters [-0.8676706827309236, -0.7576305220883535, -0.07706827309236947, -0.3897590361445783, -0.06582329317269076, -0.0666265060240964, -0.8208835341365462]

RSS: 8.308270434875e9
duration_parameter 6.63855421686747
susceptibility_parameters [3.0903614457831328, 2.5923694779116464, 3.353413654618474, 4.580321285140562, 5.2028112449799195, 4.311244979919679, 3.9176706827309236]
temperature_parameters [-0.8997991967871486, -0.7789156626506024, -0.09674698795180722, -0.3265060240963855, -0.1059839357429719, -0.043333333333333335, -0.88714859437751]

RSS: 1.0546768984375e10
duration_parameter 6.6891566265060245
susceptibility_parameters [2.6606425702811247, 3.178714859437751, 3.1244979919678713, 5.355421686746988, 4.945783132530121, 3.8293172690763053, 3.965863453815261]
temperature_parameters [-0.9415662650602409, -0.7572289156626506, -0.09473895582329317, -0.3536144578313253, -0.0991566265060241, -0.07626506024096386, -0.8795180722891567]

RSS: 2.6941205165375e10
duration_parameter 6.532530120481928
susceptibility_parameters [2.8855421686746987, 3.463855421686747, 3.2369477911646585, 4.608433734939759, 5.1546184738955825, 3.576305220883534, 3.5642570281124497]
temperature_parameters [-0.8736947791164659, -0.7849397590361445, -0.024859437751004007, -0.4030120481927711, -0.0814859437751004, -0.028072289156626504, -0.8273092369477912]

RSS: 5.036320613875e9
duration_parameter 6.653012048192771
susceptibility_parameters [3.479919678714859, 3.2951807228915664, 3.791164658634538, 4.825301204819277, 4.7008032128514055, 4.070281124497992, 4.267068273092369]
temperature_parameters [-0.9359437751004016, -0.8018072289156626, -0.05056224899598393, -0.4066265060240964, -0.026465863453815255, -0.0276706827309237, -0.8168674698795181]

RSS: 6.182744892875e9
duration_parameter 6.785542168674699
susceptibility_parameters [3.0140562248995986, 3.1666666666666665, 3.8835341365461846, 4.909638554216867, 5.259036144578313, 3.5160642570281126, 4.491967871485944]
temperature_parameters [-0.8909638554216868, -0.8483935742971888, -0.09795180722891567, -0.34397590361445785, -0.06863453815261045, -0.08068273092369478, -0.8626506024096385]

RSS: 1.1518434710375e10
duration_parameter 6.518072289156627
susceptibility_parameters [3.0060240963855422, 3.110441767068273, 3.4899598393574296, 5.483935742971887, 4.540160642570281, 3.7248995983935744, 4.483935742971887]
temperature_parameters [-0.8524096385542168, -0.7809236947791165, -0.04052208835341366, -0.3740963855421687, -0.10879518072289157, -0.08550200803212851, -0.8586345381526105]

RSS: 8.142516188875e9
duration_parameter 6.8024096385542165
susceptibility_parameters [3.1506024096385543, 2.789156626506024, 3.0481927710843375, 5.279116465863454, 5.166666666666667, 3.6164658634538154, 4.238955823293173]
temperature_parameters [-0.8536144578313253, -0.8375502008032129, -0.04654618473895582, -0.33554216867469877, -0.07546184738955823, -0.03449799196787148, -0.8124497991967872]

RSS: 7.328933837875e9
duration_parameter 6.5927710843373495
susceptibility_parameters [3.002008032128514, 3.459839357429719, 3.317269076305221, 5.102409638554217, 4.881526104417671, 4.3955823293172696, 4.347389558232932]
temperature_parameters [-0.8648594377510039, -0.7656626506024097, -0.04734939759036144, -0.3228915662650602, -0.04654618473895582, -0.011204819277108424, -0.8473895582329317]

RSS: 6.989243661875e9
duration_parameter 6.8506024096385545
susceptibility_parameters [3.283132530120482, 2.9136546184738954, 3.807228915662651, 4.885542168674699, 5.4397590361445785, 3.837349397590361, 4.026104417670683]
temperature_parameters [-0.8688755020080321, -0.7965863453815261, -0.048152610441767066, -0.4331325301204819, -0.10518072289156627, -0.044136546184738945, -0.8891566265060241]

RSS: 1.6119829402875e10
duration_parameter 6.46987951807229
susceptibility_parameters [3.3674698795180724, 3.13855421686747, 3.1927710843373496, 4.71285140562249, 4.664658634538153, 4.170682730923695, 4.447791164658635]
temperature_parameters [-0.8961847389558233, -0.8431726907630522, -0.04493975903614458, -0.34759036144578315, -0.018835341365461833, -0.08911646586345381, -0.853413654618474]

RSS: 7.328602469875e9
duration_parameter 6.83855421686747
susceptibility_parameters [2.6244979919678713, 3.1867469879518073, 3.0963855421686746, 5.122489959839357, 5.170682730923695, 3.6485943775100402, 4.375502008032129]
temperature_parameters [-0.8957831325301204, -0.8407630522088353, -0.06502008032128515, -0.3481927710843373, -0.04253012048192771, -0.10839357429718875, -0.8104417670682731]

RSS: 1.8175781988375e10
duration_parameter 6.474698795180723
susceptibility_parameters [3.3152610441767068, 2.9698795180722892, 3.389558232931727, 4.973895582329317, 4.556224899598393, 3.6726907630522088, 3.8855421686746987]
temperature_parameters [-0.8753012048192771, -0.8154618473895582, -0.10116465863453815, -0.377710843373494, -0.02726907630522088, -0.015622489959839364, -0.885140562248996]

RSS: 6.467683666875e9
duration_parameter 6.995180722891567
susceptibility_parameters [3.395582329317269, 2.504016064257028, 3.208835341365462, 4.8453815261044175, 4.600401606425703, 4.134538152610442, 4.070281124497992]
temperature_parameters [-0.9319277108433734, -0.8122489959839357, -0.06823293172690763, -0.31746987951807226, -0.020040160642570276, -0.07907630522088353, -0.82570281124498]

RSS: 7.619866826875e9
duration_parameter 6.881927710843374
susceptibility_parameters [2.9859437751004014, 2.889558232931727, 3.5903614457831328, 5.479919678714859, 4.568273092369478, 3.9819277108433733, 4.166666666666667]
temperature_parameters [-0.9170682730923695, -0.7740963855421686, -0.10518072289156627, -0.3156626506024096, -0.10036144578313252, -0.05417670682730923, -0.8373493975903614]

RSS: 1.0263830402875e10
duration_parameter 6.9879518072289155
susceptibility_parameters [2.9176706827309236, 2.7329317269076308, 3.6666666666666665, 5.255020080321285, 5.343373493975903, 4.182730923694779, 3.9136546184738954]
temperature_parameters [-0.8560240963855421, -0.8198795180722891, -0.03530120481927711, -0.34518072289156626, -0.049357429718875495, -0.036907630522088355, -0.8024096385542169]

RSS: 6.144333331875e9
duration_parameter 6.869879518072289
susceptibility_parameters [2.9377510040160644, 2.6164658634538154, 3.0562248995983934, 4.949799196787149, 4.937751004016064, 3.8453815261044175, 4.006024096385542]
temperature_parameters [-0.8588353413654618, -0.8299196787148594, -0.05216867469879518, -0.35963855421686747, -0.02204819277108433, -0.06461847389558233, -0.8859437751004017]

RSS: 9.217289855875e9
duration_parameter 6.713253012048193
susceptibility_parameters [2.965863453815261, 2.785140562248996, 3.076305220883534, 5.271084337349397, 4.849397590361446, 4.190763052208835, 3.6726907630522088]
temperature_parameters [-0.93714859437751, -0.7769076305220883, -0.023654618473895578, -0.4042168674698795, -0.08510040160642571, -0.11, -0.8393574297188755]

RSS: 1.3110820347875e10
duration_parameter 6.587951807228916
susceptibility_parameters [3.3473895582329316, 3.142570281124498, 3.0080321285140563, 5.2510040160642575, 4.853413654618474, 4.259036144578313, 4.214859437751004]
temperature_parameters [-0.9343373493975903, -0.7889558232931727, -0.03771084337349398, -0.43614457831325304, -0.016425702811244974, -0.01963855421686747, -0.8132530120481928]

RSS: 5.888609336375e9
duration_parameter 6.797590361445783
susceptibility_parameters [3.0622489959839356, 3.2710843373493974, 3.8634538152610443, 4.568273092369478, 4.5843373493975905, 4.283132530120482, 4.102409638554217]
temperature_parameters [-0.943574297188755, -0.7660642570281124, -0.09875502008032129, -0.3716867469879518, -0.044136546184738945, -0.028875502008032114, -0.8919678714859438]

RSS: 7.045367694875e9
duration_parameter 6.951807228915663
susceptibility_parameters [2.7610441767068274, 2.5281124497991967, 3.2931726907630523, 5.339357429718875, 4.805220883534137, 4.178714859437751, 3.897590361445783]
temperature_parameters [-0.8789156626506024, -0.7929718875502008, -0.010401606425702814, -0.31385542168674696, -0.07907630522088353, -0.06863453815261045, -0.8674698795180723]

RSS: 1.9763603205375e10
duration_parameter 6.491566265060241
susceptibility_parameters [3.495983935742972, 2.7570281124497993, 3.1847389558232932, 5.110441767068274, 5.094377510040161, 3.6365461847389557, 4.13855421686747]
temperature_parameters [-0.8712851405622489, -0.7901606425702811, -0.073855421686747, -0.3602409638554217, -0.073855421686747, -0.06582329317269076, -0.8955823293172691]

RSS: 8.694951107375e9
duration_parameter 6.428915662650603
susceptibility_parameters [3.102409638554217, 3.210843373493976, 3.5783132530120483, 5.2028112449799195, 5.339357429718875, 4.07429718875502, 4.158634538152611]
temperature_parameters [-0.8845381526104418, -0.8479919678714859, -0.10799196787148595, -0.42048192771084336, -0.039317269076305214, -0.048152610441767066, -0.8815261044176708]

RSS: 9.040166594375e9
duration_parameter 6.6819277108433734
susceptibility_parameters [3.359437751004016, 3.1546184738955825, 3.606425702811245, 5.303212851405623, 5.098393574297189, 3.572289156626506, 4.142570281124498]
temperature_parameters [-0.8616465863453815, -0.766867469879518, -0.03369477911646586, -0.4186746987951807, -0.08791164658634538, -0.014016064257028102, -0.8514056224899599]

RSS: 6.073862763375e9
duration_parameter 6.703614457831326
susceptibility_parameters [2.92570281124498, 2.8815261044176705, 3.6546184738955825, 5.038152610441767, 4.640562248995984, 3.9939759036144578, 4.419678714859438]
temperature_parameters [-0.9154618473895582, -0.7540160642570282, -0.017630522088353417, -0.3457831325301205, -0.10156626506024097, -0.05337349397590361, -0.8477911646586346]

RSS: 6.132650446375e9
duration_parameter 6.657831325301205
susceptibility_parameters [3.431726907630522, 2.6285140562248994, 3.5943775100401605, 5.471887550200803, 4.897590361445783, 4.098393574297189, 3.5843373493975905]
temperature_parameters [-0.915863453815261, -0.7548192771084338, -0.02244979919678715, -0.36204819277108435, -0.03369477911646586, -0.051365461847389556, -0.8678714859437752]

RSS: 1.3232846388875e10
duration_parameter 6.4313253012048195
susceptibility_parameters [3.0100401606425704, 2.5883534136546187, 3.9718875502008033, 5.214859437751004, 4.957831325301205, 4.399598393574297, 4.046184738955823]
temperature_parameters [-0.901004016064257, -0.7977911646586345, -0.05738955823293172, -0.44698795180722894, -0.048152610441767066, -0.04855421686746988, -0.8783132530120482]

RSS: 5.218165946875e9
duration_parameter 6.749397590361446
susceptibility_parameters [3.4036144578313254, 3.2068273092369477, 3.3855421686746987, 4.821285140562249, 5.419678714859438, 3.965863453815261, 4.0341365461847385]
temperature_parameters [-0.9002008032128513, -0.7552208835341365, -0.0991566265060241, -0.41325301204819276, -0.0172289156626506, -0.0172289156626506, -0.8698795180722891]

RSS: 9.137355596875e9
duration_parameter 6.696385542168675
susceptibility_parameters [2.6204819277108435, 3.070281124497992, 3.8755020080321287, 5.026104417670683, 4.508032128514056, 4.110441767068274, 4.2028112449799195]
temperature_parameters [-0.8504016064257028, -0.7813253012048192, -0.09755020080321285, -0.35180722891566263, -0.03248995983935743, -0.1095983935742972, -0.8710843373493976]

RSS: 9.958847115375e9
duration_parameter 6.597590361445784
susceptibility_parameters [3.355421686746988, 2.9417670682730925, 3.3293172690763053, 5.275100401606426, 4.761044176706827, 3.7008032128514055, 3.789156626506024]
temperature_parameters [-0.8805220883534136, -0.8387550200803212, -0.012008032128514048, -0.4271084337349398, -0.1063855421686747, -0.08309236947791165, -0.8265060240963855]

RSS: 6.138911969375e9
duration_parameter 6.773493975903614
susceptibility_parameters [2.889558232931727, 3.4156626506024095, 3.1566265060240966, 4.708835341365462, 4.64859437751004, 3.9779116465863456, 3.5963855421686746]
temperature_parameters [-0.886144578313253, -0.8026104417670683, -0.08269076305220883, -0.372289156626506, -0.09714859437751004, -0.06823293172690763, -0.8959839357429719]

RSS: 6.046038238375e9
duration_parameter 6.824096385542169
susceptibility_parameters [3.2710843373493974, 2.5200803212851404, 3.907630522088353, 4.5120481927710845, 5.315261044176707, 3.933734939759036, 4.431726907630522]
temperature_parameters [-0.8748995983935742, -0.786144578313253, -0.059397590361445776, -0.3253012048192771, -0.02244979919678715, -0.04574297188755021, -0.8120481927710844]

RSS: 9.865254493375e9
duration_parameter 6.636144578313253
susceptibility_parameters [3.2630522088353415, 2.6847389558232932, 3.9879518072289155, 4.636546184738956, 4.588353413654619, 3.504016064257028, 4.359437751004016]
temperature_parameters [-0.907429718875502, -0.8082329317269076, -0.06783132530120482, -0.32590361445783134, -0.08429718875502008, -0.08269076305220883, -0.8654618473895582]

RSS: 9.631854229875e9
duration_parameter 6.934939759036145
susceptibility_parameters [2.9899598393574296, 2.6967871485943773, 3.9839357429718874, 5.078313253012048, 4.620481927710843, 4.082329317269076, 4.43574297188755]
temperature_parameters [-0.8656626506024097, -0.7949799196787148, -0.08469879518072289, -0.3674698795180723, -0.07305220883534136, -0.02726907630522088, -0.8100401606425703]

RSS: 1.8398752032875e10
duration_parameter 6.472289156626506
susceptibility_parameters [2.7329317269076308, 3.038152610441767, 3.538152610441767, 5.4156626506024095, 5.295180722891566, 3.8694779116465865, 3.7208835341365463]
temperature_parameters [-0.9126506024096386, -0.7524096385542168, -0.031285140562248986, -0.37289156626506026, -0.06421686746987951, -0.020040160642570276, -0.8377510040160643]

RSS: 8.037279890875e9
duration_parameter 6.804819277108434
susceptibility_parameters [2.5441767068273093, 3.214859437751004, 3.7951807228915664, 4.656626506024097, 5.102409638554217, 3.9096385542168672, 3.9096385542168672]
temperature_parameters [-0.9082329317269076, -0.8415662650602409, -0.019236947791164652, -0.4439759036144578, -0.024457831325301202, -0.04253012048192771, -0.8759036144578314]

RSS: 7.795346822875e9
duration_parameter 6.946987951807229
susceptibility_parameters [2.7208835341365463, 3.0823293172690764, 3.9196787148594376, 5.234939759036145, 5.006024096385542, 3.6847389558232932, 3.6646586345381524]
temperature_parameters [-0.9006024096385542, -0.8234939759036144, -0.039317269076305214, -0.3614457831325301, -0.028072289156626504, -0.07947791164658635, -0.8967871485943776]

RSS: 1.5866791614875e10
duration_parameter 6.508433734939759
susceptibility_parameters [3.3755020080321287, 3.283132530120482, 3.1887550200803214, 4.765060240963855, 4.732931726907631, 3.8413654618473894, 3.7570281124497993]
temperature_parameters [-0.9363453815261044, -0.7536144578313253, -0.08068273092369478, -0.3463855421686747, -0.08068273092369478, -0.04052208835341366, -0.851004016064257]

RSS: 9.323417668875e9
duration_parameter 6.489156626506024
susceptibility_parameters [2.9497991967871484, 3.3755020080321287, 3.7991967871485945, 5.090361445783133, 4.504016064257028, 3.857429718875502, 3.8694779116465865]
temperature_parameters [-0.8865461847389557, -0.7516064257028112, -0.06140562248995984, -0.4355421686746988, -0.08349397590361446, -0.08630522088353414, -0.8481927710843373]

RSS: 2.7650954021875e10
duration_parameter 6.4554216867469885
susceptibility_parameters [3.0983935742971886, 3.122489959839357, 3.144578313253012, 4.504016064257028, 5.383534136546185, 3.889558232931727, 3.9016064257028114]
temperature_parameters [-0.8740963855421686, -0.7833333333333333, -0.0666265060240964, -0.32831325301204817, -0.06220883534136546, -0.04012048192771084, -0.8883534136546185]

RSS: 9.710832744375e9
duration_parameter 6.927710843373494
susceptibility_parameters [3.28714859437751, 3.1305220883534135, 3.3333333333333335, 5.391566265060241, 5.335341365461847, 4.407630522088353, 3.753012048192771]
temperature_parameters [-0.9166666666666666, -0.7644578313253012, -0.09032128514056224, -0.35120481927710845, -0.07947791164658635, -0.10477911646586345, -0.8614457831325302]

RSS: 1.0539113330875e10
duration_parameter 6.751807228915663
susceptibility_parameters [2.821285140562249, 2.6204819277108435, 3.0843373493975905, 4.937751004016064, 5.07429718875502, 3.7690763052208833, 3.5080321285140563]
temperature_parameters [-0.8777108433734939, -0.7640562248995983, -0.07546184738955823, -0.3144578313253012, -0.02686746987951806, -0.021646586345381524, -0.8570281124497993]

RSS: 2.3122979022375e10
duration_parameter 6.426506024096386
susceptibility_parameters [2.8654618473895583, 2.6726907630522088, 3.6506024096385543, 4.56425702811245, 5.178714859437751, 3.7650602409638556, 4.391566265060241]
temperature_parameters [-0.8801204819277109, -0.8315261044176707, -0.04775100401606426, -0.38433734939759034, -0.08469879518072289, -0.08389558232931726, -0.8939759036144579]

RSS: 8.052606837875e9
duration_parameter 6.484337349397591
susceptibility_parameters [3.251004016064257, 2.7931726907630523, 3.5823293172690764, 5.451807228915663, 5.455823293172691, 4.255020080321285, 3.7369477911646585]
temperature_parameters [-0.8596385542168674, -0.8319277108433735, -0.06542168674698795, -0.3530120481927711, -0.049759036144578314, -0.016024096385542155, -0.8008032128514057]

RSS: 2.9238221472375e10
duration_parameter 6.47710843373494
susceptibility_parameters [2.6285140562248994, 3.391566265060241, 3.3132530120481927, 5.158634538152611, 4.801204819277109, 3.6204819277108435, 3.6606425702811247]
temperature_parameters [-0.9251004016064257, -0.7853413654618474, -0.03851405622489959, -0.405421686746988, -0.020441767068273095, -0.06421686746987951, -0.8429718875502008]

RSS: 5.036313716375e9
duration_parameter 6.590361445783133
susceptibility_parameters [3.1907630522088355, 3.3714859437751006, 3.7670682730923692, 4.877510040160643, 4.56425702811245, 4.347389558232932, 4.383534136546185]
temperature_parameters [-0.86285140562249, -0.7556224899598394, -0.024457831325301202, -0.43975903614457834, -0.06060240963855421, -0.039317269076305214, -0.846987951807229]

RSS: 3.0773916707875e10
duration_parameter 6.506024096385542
susceptibility_parameters [2.6566265060240966, 2.572289156626506, 3.036144578313253, 4.624497991967871, 5.491967871485944, 4.423694779116466, 4.122489959839357]
temperature_parameters [-0.8941767068273092, -0.8170682730923695, -0.05859437751004016, -0.35843373493975905, -0.05779116465863454, -0.041726907630522087, -0.8080321285140563]

RSS: 1.6084600491875e10
duration_parameter 6.498795180722892
susceptibility_parameters [2.644578313253012, 3.407630522088353, 3.9477911646586348, 4.785140562248996, 4.516064257028113, 3.7570281124497993, 4.01004016064257]
temperature_parameters [-0.8933734939759036, -0.7636546184738956, -0.08710843373493976, -0.45, -0.0702409638554217, -0.04534136546184739, -0.8590361445783132]

RSS: 1.8617043418875e10
duration_parameter 6.4385542168674705
susceptibility_parameters [3.2429718875502007, 3.1987951807228914, 3.3453815261044175, 5.07429718875502, 4.552208835341365, 3.817269076305221, 3.8493975903614457]
temperature_parameters [-0.930722891566265, -0.8238955823293173, -0.029678714859437752, -0.3012048192771084, -0.04012048192771084, -0.0348995983935743, -0.8799196787148594]

RSS: 7.032609149875e9
duration_parameter 6.920481927710844
susceptibility_parameters [2.5160642570281126, 3.291164658634538, 3.6265060240963853, 4.9417670682730925, 5.214859437751004, 3.612449799196787, 3.7289156626506026]
temperature_parameters [-0.9339357429718875, -0.8419678714859438, -0.06301204819277108, -0.33433734939759036, -0.059397590361445776, -0.09473895582329317, -0.8321285140562249]

RSS: 1.7986050328875e10
duration_parameter 6.510843373493977
susceptibility_parameters [2.5803212851405624, 2.8855421686746987, 3.570281124497992, 5.367469879518072, 5.126506024096385, 4.4638554216867465, 4.246987951807229]
temperature_parameters [-0.8949799196787148, -0.8331325301204819, -0.029277108433734933, -0.3855421686746988, -0.011606425702811243, -0.04373493975903614, -0.8771084337349397]

RSS: 8.643326916375e9
duration_parameter 6.867469879518072
susceptibility_parameters [2.504016064257028, 3.1184738955823295, 3.6907630522088355, 4.917670682730924, 5.4879518072289155, 3.9859437751004014, 4.098393574297189]
temperature_parameters [-0.8580321285140562, -0.8399598393574297, -0.04694779116465864, -0.3493975903614458, -0.09795180722891567, -0.03208835341365461, -0.8140562248995984]

RSS: 6.705481026375e9
duration_parameter 6.8
susceptibility_parameters [2.781124497991968, 3.3393574297188753, 3.3775100401606424, 5.311244979919679, 5.218875502008032, 4.218875502008032, 3.9859437751004014]
temperature_parameters [-0.9218875502008032, -0.7765060240963855, -0.10437751004016065, -0.38373493975903616, -0.01682730923694778, -0.02204819277108433, -0.8437751004016064]

RSS: 5.535774547875e9
duration_parameter 6.56144578313253
susceptibility_parameters [3.2389558232931726, 3.4558232931726907, 3.3694779116465865, 5.246987951807229, 4.77710843373494, 4.4156626506024095, 3.9538152610441766]
temperature_parameters [-0.8969879518072289, -0.843574297188755, -0.1063855421686747, -0.44096385542168676, -0.0638152610441767, -0.05698795180722891, -0.8417670682730924]

RSS: 2.6655447963875e10
duration_parameter 6.4072289156626505
susceptibility_parameters [2.9738955823293174, 2.8654618473895583, 3.5100401606425704, 5.283132530120482, 4.572289156626506, 3.5240963855421685, 4.259036144578313]
temperature_parameters [-0.9407630522088353, -0.7873493975903614, -0.07907630522088353, -0.344578313253012, -0.050160642570281126, -0.09594377510040161, -0.8409638554216867]

RSS: 1.8735588248375e10
duration_parameter 6.450602409638554
susceptibility_parameters [3.110441767068273, 2.6485943775100402, 3.2771084337349397, 5.178714859437751, 5.43574297188755, 4.046184738955823, 3.5562248995983934]
temperature_parameters [-0.903012048192771, -0.8218875502008032, -0.07144578313253011, -0.3849397590361446, -0.05859437751004016, -0.018433734939759028, -0.8979919678714859]

RSS: 5.654646894875e9
duration_parameter 6.621686746987952
susceptibility_parameters [3.4116465863453813, 3.4518072289156625, 3.497991967871486, 5.218875502008032, 4.8453815261044175, 4.090361445783133, 3.5]
temperature_parameters [-0.8520080321285141, -0.8054216867469879, -0.026064257028112436, -0.3644578313253012, -0.09032128514056224, -0.0702409638554217, -0.8803212851405623]

RSS: 5.339798433875e9
duration_parameter 6.973493975903614
susceptibility_parameters [2.6526104417670684, 2.897590361445783, 3.2690763052208833, 4.640562248995984, 4.753012048192771, 3.8092369477911645, 4.387550200803213]
temperature_parameters [-0.9202811244979919, -0.8126506024096385, -0.04855421686746988, -0.3216867469879518, -0.056184738955823293, -0.09955823293172691, -0.8289156626506025]

RSS: 7.871692896875e9
duration_parameter 6.840963855421687
susceptibility_parameters [2.8132530120481927, 2.744979919678715, 3.7710843373493974, 4.981927710843373, 4.608433734939759, 4.391566265060241, 3.6204819277108435]
temperature_parameters [-0.9491967871485943, -0.8467871485943775, -0.06943775100401606, -0.3421686746987952, -0.05377510040160643, -0.05899598393574297, -0.8144578313253013]

RSS: 7.723840603875e9
duration_parameter 6.7542168674698795
susceptibility_parameters [2.9016064257028114, 2.7971887550200805, 3.4738955823293174, 4.692771084337349, 4.961847389558233, 3.6244979919678713, 4.054216867469879]
temperature_parameters [-0.9383534136546184, -0.75, -0.02204819277108433, -0.42168674698795183, -0.067429718875502, -0.015220883534136545, -0.8032128514056225]

RSS: 1.5906826271375e10
duration_parameter 6.539759036144579
susceptibility_parameters [3.3273092369477912, 2.6004016064257027, 3.1204819277108435, 5.491967871485944, 4.969879518072289, 4.1305220883534135, 4.3955823293172696]
temperature_parameters [-0.8664658634538153, -0.830722891566265, -0.020040160642570276, -0.3578313253012048, -0.026064257028112436, -0.0814859437751004, -0.8204819277108434]

RSS: 7.008298466875e9
duration_parameter 6.812048192771084
susceptibility_parameters [2.853413654618474, 2.5240963855421685, 3.3734939759036147, 5.186746987951807, 5.423694779116466, 3.929718875502008, 3.5160642570281126]
temperature_parameters [-0.8921686746987951, -0.8038152610441767, -0.009999999999999995, -0.3349397590361446, -0.08550200803212851, -0.05377510040160643, -0.8554216867469879]

RSS: 1.7644531219375e10
duration_parameter 6.412048192771085
susceptibility_parameters [2.6847389558232932, 3.0180722891566267, 3.995983935742972, 5.082329317269076, 5.427710843373494, 4.246987951807229, 3.708835341365462]
temperature_parameters [-0.8765060240963856, -0.8130522088353414, -0.016425702811244974, -0.37650602409638556, -0.023253012048192773, -0.06542168674698795, -0.8317269076305221]

RSS: 6.465893473875e9
duration_parameter 6.910843373493976
susceptibility_parameters [3.1144578313253013, 3.0542168674698793, 3.678714859437751, 4.961847389558233, 4.708835341365462, 3.6686746987951806, 3.9056224899598395]
temperature_parameters [-0.8728915662650603, -0.773293172690763, -0.0276706827309237, -0.4108433734939759, -0.022851405622489954, -0.09755020080321285, -0.8036144578313253]

RSS: 1.5537294291875e10
duration_parameter 6.585542168674699
susceptibility_parameters [2.6646586345381524, 2.5562248995983934, 3.8714859437751006, 5.327309236947791, 5.371485943775101, 3.8734939759036147, 4.479919678714859]
temperature_parameters [-0.9355421686746987, -0.815863453815261, -0.021646586345381524, -0.36686746987951807, -0.059799196787148595, -0.056184738955823293, -0.8775100401606426]

RSS: 7.815907706875e9
duration_parameter 6.9156626506024095
susceptibility_parameters [3.234939759036145, 3.3674698795180724, 3.4216867469879517, 5.455823293172691, 4.909638554216867, 3.540160642570281, 4.082329317269076]
temperature_parameters [-0.9062248995983936, -0.8487951807228915, -0.06863453815261045, -0.4403614457831325, -0.07184738955823293, -0.010803212851405605, -0.8293172690763053]

RSS: 1.2714896417375e10
duration_parameter 6.619277108433735
susceptibility_parameters [2.748995983935743, 2.716867469879518, 3.835341365461847, 5.162650602409639, 4.92570281124498, 3.676706827309237, 3.644578313253012]
temperature_parameters [-0.8532128514056225, -0.8194779116465863, -0.0706425702811245, -0.4102409638554217, -0.1031726907630522, -0.012008032128514048, -0.8682730923694779]

RSS: 6.478479463375e9
duration_parameter 6.67710843373494
susceptibility_parameters [3.4156626506024095, 2.6686746987951806, 3.8393574297188753, 5.126506024096385, 4.660642570281125, 3.6927710843373496, 4.323293172690763]
temperature_parameters [-0.8620481927710844, -0.8046184738955823, -0.06180722891566265, -0.4391566265060241, -0.05257028112449799, -0.030883534136546167, -0.8662650602409638]

RSS: 7.223121984375e9
duration_parameter 6.966265060240964
susceptibility_parameters [3.3995983935742973, 3.3032128514056227, 3.0441767068273093, 5.050200803212851, 4.825301204819277, 3.7971887550200805, 4.086345381526105]
temperature_parameters [-0.9230923694779116, -0.8343373493975903, -0.04132530120481927, -0.3506024096385542, -0.041726907630522087, -0.03971887550200803, -0.8506024096385543]

RSS: 1.0432298727375e10
duration_parameter 6.563855421686747
susceptibility_parameters [3.391566265060241, 2.7208835341365463, 3.8152610441767068, 4.620481927710843, 5.403614457831325, 3.6526104417670684, 3.6004016064257027]
temperature_parameters [-0.9315261044176706, -0.7913654618473895, -0.09192771084337349, -0.40843373493975904, -0.05417670682730923, -0.09674698795180722, -0.842570281124498]

RSS: 5.584405483875e9
duration_parameter 6.879518072289157
susceptibility_parameters [2.9779116465863456, 2.933734939759036, 3.7228915662650603, 4.805220883534137, 5.471887550200803, 3.5963855421686746, 3.5441767068273093]
temperature_parameters [-0.9150602409638554, -0.8391566265060241, -0.0638152610441767, -0.3096385542168675, -0.09393574297188756, -0.06060240963855421, -0.8811244979919679]

RSS: 1.2964199727875e10
duration_parameter 6.674698795180723
susceptibility_parameters [2.9216867469879517, 2.837349397590361, 3.140562248995984, 4.7489959839357425, 4.929718875502008, 3.6325301204819276, 4.475903614457831]
temperature_parameters [-0.8612449799196786, -0.8255020080321285, -0.07626506024096386, -0.3608433734939759, -0.04373493975903614, -0.031285140562248986, -0.8911646586345382]

RSS: 5.419545668375e9
duration_parameter 6.787951807228916
susceptibility_parameters [3.1546184738955825, 2.8775100401606424, 3.21285140562249, 4.7971887550200805, 5.35140562248996, 4.495983935742972, 3.7329317269076308]
temperature_parameters [-0.8981927710843374, -0.8355421686746988, -0.05698795180722891, -0.42409638554216866, -0.018032128514056223, -0.08831325301204819, -0.8068273092369478]

RSS: 7.033273760875e9
duration_parameter 6.556626506024097
susceptibility_parameters [3.070281124497992, 3.2389558232931726, 3.8995983935742973, 4.732931726907631, 4.8694779116465865, 4.295180722891566, 3.6566265060240966]
temperature_parameters [-0.8893574297188754, -0.7885542168674698, -0.05538152610441766, -0.30180722891566264, -0.07666666666666666, -0.016425702811244974, -0.8819277108433735]

RSS: 1.2435584713375e10
duration_parameter 6.6000000000000005
susceptibility_parameters [2.6164658634538154, 3.194779116465863, 3.931726907630522, 5.323293172690763, 5.5, 4.018072289156627, 3.9939759036144578]
temperature_parameters [-0.8785140562248995, -0.8259036144578313, -0.09714859437751004, -0.38795180722891565, -0.09995983935742972, -0.07506024096385541, -0.8730923694779117]

RSS: 7.016062053875e9
duration_parameter 6.980722891566265
susceptibility_parameters [3.1706827309236947, 2.857429718875502, 3.57429718875502, 4.753012048192771, 5.323293172690763, 3.7931726907630523, 4.042168674698795]
temperature_parameters [-0.9279116465863453, -0.7708835341365462, -0.011606425702811243, -0.4126506024096386, -0.05056224899598393, -0.023253012048192773, -0.8903614457831326]

RSS: 5.735001138375e9
duration_parameter 6.836144578313253
susceptibility_parameters [2.9939759036144578, 2.6606425702811247, 3.4939759036144578, 4.552208835341365, 4.612449799196787, 3.6606425702811247, 3.9899598393574296]
temperature_parameters [-0.9038152610441766, -0.7664658634538153, -0.08630522088353414, -0.43253012048192774, -0.0634136546184739, -0.022851405622489954, -0.8823293172690764]

RSS: 8.617425503375e9
duration_parameter 6.821686746987952
susceptibility_parameters [2.5240963855421685, 3.1706827309236947, 3.4136546184738954, 5.431726907630522, 4.576305220883534, 4.002008032128514, 4.315261044176707]
temperature_parameters [-0.8881526104417671, -0.7973895582329317, -0.08349397590361446, -0.3813253012048193, -0.08630522088353414, -0.09112449799196787, -0.8188755020080322]

RSS: 1.1334926485875e10
duration_parameter 6.971084337349398
susceptibility_parameters [3.4196787148594376, 3.218875502008032, 3.3493975903614457, 5.13855421686747, 5.122489959839357, 4.323293172690763, 4.307228915662651]
temperature_parameters [-0.8937751004016063, -0.7937751004016064, -0.10477911646586345, -0.327710843373494, -0.05538152610441766, -0.014417670682730921, -0.8847389558232932]

RSS: 2.4744191284875e10
duration_parameter 6.51566265060241
susceptibility_parameters [3.0943775100401605, 2.825301204819277, 3.1485943775100402, 5.206827309236948, 5.150602409638554, 3.6646586345381524, 3.5602409638554215]
temperature_parameters [-0.8829317269076304, -0.7785140562248996, -0.015220883534136545, -0.3385542168674699, -0.030080321285140557, -0.05176706827309237, -0.8136546184738956]

RSS: 8.712364128375e9
duration_parameter 6.978313253012049
susceptibility_parameters [3.214859437751004, 3.0301204819277108, 3.6586345381526106, 4.680722891566265, 5.363453815261044, 3.9578313253012047, 4.343373493975903]
temperature_parameters [-0.858433734939759, -0.7600401606425703, -0.1027710843373494, -0.40120481927710844, -0.09835341365461847, -0.031686746987951805, -0.8401606425702811]

RSS: 6.418708888875e9
duration_parameter 6.744578313253013
susceptibility_parameters [2.753012048192771, 3.4437751004016066, 3.4819277108433733, 4.704819277108434, 4.817269076305221, 4.475903614457831, 4.134538152610442]
temperature_parameters [-0.8592369477911647, -0.8359437751004016, -0.033293172690763054, -0.4259036144578313, -0.0348995983935743, -0.07184738955823293, -0.8228915662650603]

RSS: 5.644485552875e9
duration_parameter 6.828915662650602
susceptibility_parameters [2.9136546184738954, 2.568273092369478, 3.285140562248996, 4.688755020080321, 4.696787148594377, 4.303212851405623, 4.2991967871485945]
temperature_parameters [-0.8853413654618474, -0.77570281124498, -0.05497991967871486, -0.4090361445783133, -0.018433734939759028, -0.03891566265060241, -0.8152610441767069]

RSS: 2.1044326354375e10
duration_parameter 6.5036144578313255
susceptibility_parameters [3.106425702811245, 2.7248995983935744, 3.072289156626506, 5.070281124497992, 5.355421686746988, 3.9176706827309236, 4.126506024096385]
temperature_parameters [-0.8813253012048192, -0.7704819277108433, -0.04212851405622489, -0.3036144578313253, -0.08028112449799196, -0.07987951807228916, -0.8040160642570282]

RSS: 7.005698828375e9
duration_parameter 6.809638554216868
susceptibility_parameters [3.2228915662650603, 3.1586345381526106, 3.7269076305220885, 5.2269076305220885, 5.359437751004016, 3.853413654618474, 3.572289156626506]
temperature_parameters [-0.9271084337349397, -0.8078313253012048, -0.09393574297188756, -0.42530120481927713, -0.009999999999999995, -0.06261044176706827, -0.8927710843373494]

RSS: 7.189850772375e9
duration_parameter 6.727710843373494
susceptibility_parameters [3.3112449799196786, 3.0100401606425704, 3.1325301204819276, 5.014056224899599, 5.379518072289157, 4.291164658634538, 4.331325301204819]
temperature_parameters [-0.8680722891566265, -0.7829317269076306, -0.022851405622489954, -0.4210843373493976, -0.04694779116465864, -0.10196787148594377, -0.8943775100401606]

RSS: 8.830123534875e9
duration_parameter 6.780722891566265
susceptibility_parameters [2.540160642570281, 3.1907630522088355, 3.5301204819277108, 4.849397590361446, 4.680722891566265, 3.640562248995984, 4.170682730923695]
temperature_parameters [-0.8660642570281124, -0.8042168674698795, -0.035702811244979926, -0.3313253012048193, -0.09674698795180722, -0.03610441767068272, -0.8963855421686747]

RSS: 6.725897889875e9
duration_parameter 6.8265060240963855
susceptibility_parameters [2.6927710843373496, 3.4196787148594376, 3.0602409638554215, 5.194779116465863, 4.913654618473895, 4.186746987951807, 3.9417670682730925]
temperature_parameters [-0.879718875502008, -0.8495983935742971, -0.09634538152610442, -0.3795180722891566, -0.0706425702811245, -0.067429718875502, -0.8947791164658635]

RSS: 6.867179506875e9
duration_parameter 6.949397590361446
susceptibility_parameters [2.897590361445783, 2.9176706827309236, 3.461847389558233, 4.933734939759036, 5.483935742971887, 3.8132530120481927, 3.9698795180722892]
temperature_parameters [-0.9238955823293172, -0.8242971887550201, -0.05417670682730923, -0.4487951807228916, -0.024859437751004007, -0.1067871485943775, -0.8285140562248996]

RSS: 6.501697186375e9
duration_parameter 6.906024096385543
susceptibility_parameters [3.2028112449799195, 2.92570281124498, 3.1526104417670684, 5.166666666666667, 4.785140562248996, 4.150602409638554, 4.106425702811245]
temperature_parameters [-0.9110441767068272, -0.8403614457831325, -0.025662650602409645, -0.4367469879518072, -0.08188755020080321, -0.073855421686747, -0.8333333333333334]

RSS: 6.990175934375e9
duration_parameter 6.732530120481928
susceptibility_parameters [3.2991967871485945, 3.0140562248995986, 3.734939759036145, 5.35140562248996, 4.841365461847389, 3.9698795180722892, 4.399598393574297]
temperature_parameters [-0.928714859437751, -0.8443775100401606, -0.10718875502008032, -0.4174698795180723, -0.10397590361445783, -0.0710441767068273, -0.8646586345381526]

RSS: 6.619374088375e9
duration_parameter 6.908433734939759
susceptibility_parameters [2.8413654618473894, 3.3273092369477912, 3.5582329317269075, 4.5843373493975905, 5.447791164658635, 4.431726907630522, 3.7650602409638556]
temperature_parameters [-0.9142570281124498, -0.7728915662650603, -0.020843373493975886, -0.40481927710843374, -0.03449799196787148, -0.06943775100401606, -0.8670682730923696]

RSS: 9.805529300375e9
duration_parameter 6.795180722891566
susceptibility_parameters [2.5843373493975905, 3.4036144578313254, 3.963855421686747, 5.359437751004016, 4.688755020080321, 4.0341365461847385, 4.1546184738955825]
temperature_parameters [-0.9186746987951807, -0.8102409638554217, -0.044136546184738945, -0.32349397590361445, -0.0774698795180723, -0.09232931726907631, -0.8365461847389558]

RSS: 6.580618430875e9
duration_parameter 6.937349397590362
susceptibility_parameters [3.3714859437751006, 3.246987951807229, 3.5983935742971886, 4.532128514056225, 4.917670682730924, 4.3192771084337345, 3.5522088353413657]
temperature_parameters [-0.8877510040160642, -0.7865461847389558, -0.049759036144578314, -0.3180722891566265, -0.036907630522088355, -0.032891566265060235, -0.8558232931726908]

RSS: 9.786079037375e9
duration_parameter 6.763855421686747
susceptibility_parameters [2.572289156626506, 3.234939759036145, 3.1365461847389557, 5.307228915662651, 5.0341365461847385, 4.022088353413655, 4.3192771084337345]
temperature_parameters [-0.8953815261044177, -0.8251004016064257, -0.03449799196787148, -0.3819277108433735, -0.10437751004016065, -0.02686746987951806, -0.8899598393574297]

RSS: 1.0425242439375e10
duration_parameter 6.8987951807228916
susceptibility_parameters [2.5281124497991967, 2.965863453815261, 3.566265060240964, 5.427710843373494, 5.431726907630522, 4.242971887550201, 4.22289156626506]
temperature_parameters [-0.9058232931726907, -0.7584337349397591, -0.0634136546184739, -0.42771084337349397, -0.10799196787148595, -0.061004016064257024, -0.876706827309237]

RSS: 1.5405645344875e10
duration_parameter 6.460240963855422
susceptibility_parameters [2.6967871485943773, 3.2991967871485945, 3.5863453815261046, 4.7008032128514055, 4.821285140562249, 4.363453815261044, 3.6164658634538154]
temperature_parameters [-0.9395582329317269, -0.7997991967871486, -0.08028112449799196, -0.39156626506024095, -0.1027710843373494, -0.05859437751004016, -0.8787148594377511]

RSS: 1.2114922722375e10
duration_parameter 6.602409638554217
susceptibility_parameters [2.8293172690763053, 2.608433734939759, 3.2248995983935744, 4.660642570281125, 4.921686746987952, 4.307228915662651, 3.6847389558232932]
temperature_parameters [-0.8708835341365462, -0.8166666666666667, -0.11, -0.4018072289156627, -0.06622489959839357, -0.09995983935742972, -0.889558232931727]

RSS: 5.667233745375e9
duration_parameter 6.783132530120482
susceptibility_parameters [3.4879518072289155, 2.71285140562249, 3.534136546184739, 5.086345381526105, 5.242971887550201, 3.644578313253012, 4.2510040160642575]
temperature_parameters [-0.9114457831325301, -0.8098393574297189, -0.08590361445783132, -0.3048192771084337, -0.06261044176706827, -0.1063855421686747, -0.8461847389558234]

RSS: 6.744881424375e9
duration_parameter 6.708433734939759
susceptibility_parameters [3.1305220883534135, 3.4718875502008033, 3.3012048192771086, 4.720883534136546, 5.134538152610442, 3.8333333333333335, 4.407630522088353]
temperature_parameters [-0.9190763052208835, -0.7781124497991968, -0.014819277108433726, -0.31024096385542166, -0.06461847389558233, -0.08590361445783132, -0.8951807228915662]

RSS: 6.139380922875e9
duration_parameter 6.901204819277108
susceptibility_parameters [3.1867469879518073, 3.28714859437751, 3.5461847389558234, 4.781124497991968, 4.668674698795181, 3.7369477911646585, 4.427710843373494]
temperature_parameters [-0.9459839357429718, -0.8178714859437751, -0.08188755020080321, -0.3686746987951807, -0.09955823293172691, -0.08991967871485944, -0.8550200803212852]

RSS: 2.1358869594375e10
duration_parameter 6.433734939759036
susceptibility_parameters [3.1265060240963853, 2.6526104417670684, 3.751004016064257, 5.142570281124498, 4.793172690763052, 3.6004016064257027, 4.038152610441767]
temperature_parameters [-0.8821285140562248, -0.7652610441767068, -0.10076305220883534, -0.42891566265060244, -0.014819277108433726, -0.035702811244979926, -0.8686746987951808]

RSS: 6.298333454375e9
duration_parameter 6.889156626506024
susceptibility_parameters [2.7008032128514055, 3.2028112449799195, 3.216867469879518, 5.066265060240964, 4.536144578313253, 4.491967871485944, 4.198795180722891]
temperature_parameters [-0.8769076305220883, -0.8271084337349397, -0.014417670682730921, -0.413855421686747, -0.015220883534136545, -0.08228915662650602, -0.8502008032128514]

RSS: 1.0105748981875e10
duration_parameter 6.63132530120482
susceptibility_parameters [3.1184738955823295, 2.6887550200803214, 3.8433734939759034, 4.873493975903615, 5.283132530120482, 3.5441767068273093, 4.443775100401607]
temperature_parameters [-0.9194779116465863, -0.8447791164658635, -0.0814859437751004, -0.38313253012048193, -0.07827309236947791, -0.03369477911646586, -0.8092369477911647]

RSS: 1.9080802794875e10
duration_parameter 6.624096385542169
susceptibility_parameters [2.5080321285140563, 2.7650602409638556, 3.4096385542168672, 5.343373493975903, 4.644578313253012, 3.7208835341365463, 3.7409638554216866]
temperature_parameters [-0.8905622489959839, -0.8050200803212851, -0.018835341365461833, -0.39879518072289155, -0.06943775100401606, -0.02244979919678715, -0.8634538152610443]

RSS: 7.050787444375e9
duration_parameter 6.71566265060241
susceptibility_parameters [2.7730923694779115, 3.423694779116466, 3.2610441767068274, 4.724899598393574, 5.050200803212851, 4.427710843373494, 3.568273092369478]
temperature_parameters [-0.9399598393574297, -0.7817269076305221, -0.06421686746987951, -0.36566265060240966, -0.019236947791164652, -0.04092369477911646, -0.8072289156626506]

RSS: 6.827233629875e9
duration_parameter 6.530120481927711
susceptibility_parameters [3.3634538152610443, 3.3634538152610443, 3.7389558232931726, 5.198795180722891, 5.2269076305220885, 3.7730923694779115, 3.92570281124498]
temperature_parameters [-0.8652610441767068, -0.8379518072289156, -0.09433734939759036, -0.4114457831325301, -0.08991967871485944, -0.06140562248995984, -0.840562248995984]

RSS: 9.758755465875e9
duration_parameter 6.9638554216867465
susceptibility_parameters [3.2670682730923692, 2.5803212851405624, 3.602409638554217, 5.43574297188755, 4.71285140562249, 4.030120481927711, 4.1305220883534135]
temperature_parameters [-0.9263052208835341, -0.7612449799196788, -0.08429718875502008, -0.40240963855421685, -0.08389558232931726, -0.05056224899598393, -0.883132530120482]

RSS: 1.3305982700875e10
duration_parameter 6.566265060240964
susceptibility_parameters [2.86144578313253, 3.07429718875502, 3.2650602409638556, 4.644578313253012, 5.443775100401607, 3.9497991967871484, 4.210843373493976]
temperature_parameters [-0.8568273092369477, -0.7588353413654618, -0.0774698795180723, -0.36325301204819277, -0.1095983935742972, -0.08108433734939759, -0.834136546184739]

RSS: 1.1441526402375e10
duration_parameter 6.481927710843374
susceptibility_parameters [2.7650602409638556, 3.3995983935742973, 3.895582329317269, 5.335341365461847, 5.375502008032129, 4.106425702811245, 3.825301204819277]
temperature_parameters [-0.9483935742971887, -0.8090361445783132, -0.07987951807228916, -0.3373493975903614, -0.04855421686746988, -0.09273092369477912, -0.8835341365461847]

RSS: 1.4805992716375e10
duration_parameter 6.686746987951808
susceptibility_parameters [2.6004016064257027, 2.640562248995984, 3.6144578313253013, 5.4638554216867465, 5.479919678714859, 3.608433734939759, 3.997991967871486]
temperature_parameters [-0.9086345381526104, -0.7921686746987951, -0.03208835341365461, -0.3427710843373494, -0.09875502008032129, -0.019236947791164652, -0.8610441767068273]

RSS: 7.377314681375e9
duration_parameter 6.609638554216867
susceptibility_parameters [3.5, 2.540160642570281, 3.7590361445783134, 5.046184738955823, 5.303212851405623, 4.447791164658635, 4.303212851405623]
temperature_parameters [-0.9267068273092369, -0.8323293172690763, -0.04614457831325301, -0.4451807228915663, -0.05819277108433735, -0.012409638554216867, -0.8357429718875502]

RSS: 2.7993418698875e10
duration_parameter 6.402409638554217
susceptibility_parameters [2.5522088353413657, 3.3313253012048194, 3.325301204819277, 4.769076305220883, 4.86144578313253, 4.114457831325301, 4.403614457831325]
temperature_parameters [-0.9018072289156627, -0.771285140562249, -0.06903614457831325, -0.42289156626506025, -0.04734939759036144, -0.10036144578313252, -0.8694779116465864]

RSS: 5.963274871875e9
duration_parameter 6.720481927710844
susceptibility_parameters [3.4558232931726907, 3.3514056224899598, 3.9156626506024095, 4.977911646586345, 5.01004016064257, 3.9538152610441766, 3.5481927710843375]
temperature_parameters [-0.9138554216867469, -0.8210843373493976, -0.08791164658634538, -0.40602409638554215, -0.09192771084337349, -0.020441767068273095, -0.8301204819277109]

RSS: 1.4844052842375e10
duration_parameter 6.725301204819277
susceptibility_parameters [2.789156626506024, 2.680722891566265, 3.0642570281124497, 4.92570281124498, 4.953815261044177, 3.5522088353413657, 4.110441767068274]
temperature_parameters [-0.8604417670682731, -0.7720883534136547, -0.0710441767068273, -0.3572289156626506, -0.010803212851405605, -0.024056224899598383, -0.8389558232931728]

RSS: 2.3923213620375e10
duration_parameter 6.414457831325302
susceptibility_parameters [2.5923694779116464, 3.0421686746987953, 3.502008032128514, 4.600401606425703, 5.078313253012048, 4.327309236947791, 3.817269076305221]
temperature_parameters [-0.9411646586345381, -0.8279116465863454, -0.05819277108433735, -0.4162650602409639, -0.04614457831325301, -0.0742570281124498, -0.848995983935743]

RSS: 3.9407627180875e10
duration_parameter 6.424096385542169
susceptibility_parameters [2.7690763052208833, 2.5481927710843375, 3.104417670682731, 4.913654618473895, 4.7489959839357425, 3.7409638554216866, 4.4638554216867465]
temperature_parameters [-0.9311244979919678, -0.8118473895582329, -0.0742570281124498, -0.3289156626506024, -0.08831325301204819, -0.05538152610441766, -0.8485943775100402]

RSS: 5.810244957375e9
duration_parameter 6.790361445783133
susceptibility_parameters [3.194779116465863, 2.8132530120481927, 3.2570281124497993, 5.295180722891566, 5.311244979919679, 3.680722891566265, 4.094377510040161]
temperature_parameters [-0.9331325301204819, -0.7568273092369477, -0.06983935742971888, -0.43132530120481927, -0.0529718875502008, -0.10116465863453815, -0.8987951807228916]

RSS: 8.224797873875e9
duration_parameter 6.79277108433735
susceptibility_parameters [3.0542168674698793, 2.9056224899598395, 3.979919678714859, 5.387550200803213, 4.604417670682731, 4.146586345381526, 4.263052208835341]
temperature_parameters [-0.9299196787148594, -0.8363453815261044, -0.036506024096385536, -0.4006024096385542, -0.051365461847389556, -0.04212851405622489, -0.8971887550200803]

RSS: 8.128812395375e9
duration_parameter 6.691566265060241
susceptibility_parameters [2.997991967871486, 2.5, 3.718875502008032, 5.022088353413655, 5.038152610441767, 4.379518072289157, 3.9216867469879517]
temperature_parameters [-0.9295180722891566, -0.7532128514056224, -0.05337349397590361, -0.3006024096385542, -0.09755020080321285, -0.1027710843373494, -0.8281124497991968]

RSS: 6.612303845375e9
duration_parameter 6.896385542168675
susceptibility_parameters [2.5562248995983934, 3.2228915662650603, 3.550200803212851, 4.801204819277109, 4.720883534136546, 3.5843373493975905, 3.853413654618474]
temperature_parameters [-0.9214859437751004, -0.7905622489959839, -0.011204819277108424, -0.3753012048192771, -0.020843373493975886, -0.010401606425702814, -0.8004016064257029]

