53140.45129431376
51939.17777803508
52750.41861772284
54074.58628265223
52021.590630557745
53528.257127365294
51993.299575586345
52069.361890847096
51086.61765893295
51779.18913820494
49873.558077803114
48168.349282905685
49784.05021997508
50872.60202178248
50562.97541919054
49799.307571190184
47519.29422497771
43562.76187462177
46362.65510154698
45725.96807693997
40537.00081631184
40544.96959303336
39803.1036926561
40767.704432287246
38865.12538975871
32337.685492497243
39342.14874342783
35449.14700323079
38585.58961300622
32126.098454216317
33532.59212751081
34307.86033338425
28498.825991433405
27878.155206062926
30973.61689535144
29095.520696893076
28449.648794522345
22239.748653143542
25809.629873298585
27171.276720678157
16541.71241891238
8093.166048380984
10781.290198456461
10427.68247167126
5969.863640123338
11994.491135030838
21655.37471310529
9337.381087150008
9787.073289804262
12575.742519960137
5840.225170744704
9877.527791237375
12876.468867214076
11944.671723408726
9158.132839085341
9520.399106305016
14883.986088578557
7510.196786480808
19460.735363546773
14572.427847708379
16514.742204820115
8127.7933188125135
8835.961122217172
8251.65700218245
5582.107689006606
10748.121633569282
9917.41426809428
11364.471362687018
7201.834694830663
9185.188742481017
10099.333004213695
9013.476907202163
12330.936530531653
11987.06043323383
5905.420805638381
7571.592019075865
14625.120823375559
10057.102273020793
7609.290846502496
7719.935969509937
13357.410641475391
23645.18281028224
7206.020873778631
11404.387317899487
7047.327750998956
10240.218720564517
7593.820512759043
7449.450365631012
10723.242794198653
16089.584340135494
8541.187198608088
6878.186934674961
5578.475696669596
5778.440341043593
8152.400765316518
15561.217816524944
9715.596180283192
13869.231840841077
10442.95029050699
5682.4448060085315
5676.865914393258
6182.057015535633
8771.399476518365
18565.3614682469
6609.7295112331685
10323.132998917205
8734.696682674983
5304.4889002931595
6913.532202981821
5857.468547788655
8244.09495709909
6777.571416198184
9422.063813464649
10970.409868900373
9588.396793520802
7870.5773186173155
15316.989161603095
12180.322696190497
10692.434072511272
7058.834148190951
5216.340168483392
8802.895861306097
8861.688123602637
13297.337547732379
17649.285170652096
6373.964575652008
5173.525858799458
6016.00151761949
5984.517191470002
8526.713982146543
5467.493073764856
13195.313188780327
6955.120877933515
5842.116381643443
11710.519407993823
6035.125570082752
14641.25479134217
12921.566596585726
11042.053224151749
13494.180119715807
21710.88889351762
11180.673097135073
23132.66986028634
6107.467758544998
7848.362314202881
6951.40870495566
7748.55034087022
11938.218294480408
10142.19294153554
7852.34129458639
11854.974435653583
4860.96079940307
15701.453036847684
5837.878248844638
9324.068197859417
11192.605744270038
8595.755434806182
9785.478206846443
9984.306761780377
10175.986219526832
4923.163129195159
10382.282198293398
5827.19512029587
17985.03558503569
5629.6736107285415
8576.22366701491
4467.837384201294
12108.410187138525
9183.505960143979
5777.385257046075
9807.480217585622
10614.149338972013
9415.909965850355
24152.373044520213
5082.427995554881
8771.113071991871
6303.195919002783
11402.579479661608
4494.01423228721
16348.743396563135
5120.0796959943245
4413.926016409126
9978.05555798991
18845.79267630665
5080.438746309221
5270.979616257305
12679.40950438939
10349.383851949835
4071.9201498392213
6675.408711831808
5969.694299403725
4023.3154050277158
4858.587664126274
14511.586297220118
11638.180837943131
4559.813823502009
6195.109175927949
3392.8631299145172
3560.3215678737038
4600.697708681441
6396.379429281328
