17941.41278643723
16821.760794033027
19721.03466677987
17783.459373155343
14837.882499815576
11832.970540682785
6330.270914818733
6577.076264065465
6344.978172276613
2863.0539787087496
8191.348439766598
4850.981825019207
4266.217702094757
3893.869933840455
2494.713913123774
9906.644197204218
7683.778007486509
7979.424976358468
9966.533724838006
2656.357302460144
6495.704647431768
12918.576732880962
1512.9730213501277
4072.9997237908083
2374.928793318514
2322.8706392450413
5946.010089407294
6583.231099037412
2806.8592807026625
2958.062749785181
3280.134700232091
1102.558745222524
2504.127875462167
4217.894485996539
3676.590820764983
2251.2095752431997
2337.9380644776143
7054.262326069254
3023.4670424310343
1489.2921014137335
7153.019234910528
5741.050443080953
1728.5252206240248
2445.7369986706804
5021.855889011552
2001.2311110913704
1480.625818136822
1211.1263283957348
2196.0311507353445
2736.8305443219047
6185.8733610003155
1440.6447728939522
4435.265762987979
2128.329217171692
1791.0554183683616
2349.974230355161
3353.5339069405577
1713.1816166614287
5100.083351606456
12186.326447224912
7698.5168202496425
8418.626191368756
7765.19115218679
2053.1811894391267
2026.4036123141905
10644.01392669451
4092.3862460264754
5031.220950557959
912.1743747771037
9676.711899624444
2549.8615089843606
10117.806556676864
3345.818129645822
3675.9246136176407
7785.11038039924
12872.214707138266
1013.4158409392794
5290.116599691668
2000.2387457501168
3919.6729319336496
1182.6645995378403
5953.805219213452
7816.130496287789
7381.429096839356
3557.7129882364975
1685.7100912276305
6372.557583628936
2366.0582149783777
1126.155346743956
1020.094121474419
4995.656322079546
1120.0261127908284
3012.793050199986
4693.265444052076
1585.2039106478805
1790.6762768108963
4440.255073566533
3495.234776330006
2554.065079110815
2346.7645496867954
2941.862257992376
3039.9469192186016
3897.2584500731627
3810.121234510349
6649.961970442639
3298.6907511415293
1696.7502310790078
5770.566662382474
2632.051728531692
5377.248289010529
2847.2066009219166
6800.29530682308
4211.689879569324
2063.896011188548
7193.875853923716
5000.992314697821
1367.9628473268808
1027.3790188306034
1481.5006929911756
3921.693899112134
4275.585627139281
3768.786932378463
2252.2632605892236
2619.1581296923127
6012.992635812332
5318.2837269179245
6420.360541927013
3421.779781049622
1486.248616483797
5641.739564915535
5014.450427680651
5363.955314566544
4499.615661735271
2338.5115885964733
3579.5888711787375
8360.523802569629
7065.365514253314
1396.5798485347457
1783.5568335024632
15397.041104381062
7217.079325923103
1991.6459014259203
1604.788797111113
5376.805613466048
1953.5066440463759
1683.460028730511
4158.373611361378
1886.7212534800506
4329.856828464424
2478.8654303262747
4671.064960477429
3608.3478426190195
5772.2668776371265
6867.613415639138
3180.182480351298
11388.79837267011
5714.019690492266
2633.4484989584794
4197.529120605756
6690.110747837687
4287.903048694082
6740.8836547344945
3847.224951615558
1226.2057936306342
1641.4882266813045
1607.317679137098
3675.7134302971263
3851.0054568038895
806.3111516860804
4797.975146524486
5171.56811776338
7005.065406784817
1576.7915487892917
2854.6756450310313
6220.235484422327
1492.5546522657053
4119.521742265721
1119.9096600470357
1634.1670431752075
5801.939256260214
829.100650303287
3989.5995644926575
8013.650070556697
3414.5130985251762
4759.476261102685
1023.6031083058186
306.19998094927007
923.2375416615885
984.9400692427942
1839.8971121596267
4372.047115101422
2101.338329890422
2529.7149506746146
2143.24363951776
6281.918907865654
1884.066420892144
3455.466893923309
7172.733991651998
9729.798581762454
9899.597688879416
5873.550902421238
