52955.51963050374
52223.12004806875
51924.47785990085
52275.58218606147
51726.994636762596
51815.18224571508
51506.82173309667
50944.40460685223
50588.582994617806
51489.153902205464
52676.008869977995
50547.81889054825
51456.93391622099
50279.05617391798
50065.77753842106
50803.66783402553
49396.81148107302
51423.7650052483
51330.42487922408
47850.09867628279
48148.147915799076
46090.003669704056
43752.512755497824
39734.88628384383
42137.61653671218
36369.55580179665
34163.78877000715
38563.71702183284
30886.168737586515
31760.251140274904
36641.24073954556
32161.014899382968
38778.9488662556
29563.64157626729
24310.133225330817
20551.84155049534
21005.746859927007
20578.511551899635
29395.399829111586
21307.087537914078
30551.386740048314
16179.78380392231
5593.975987911758
13882.097641747087
24634.34564461442
5519.256309956986
6647.608164470386
4930.036499019726
10401.426485823951
11262.664900457617
8947.961462906882
18448.99659615666
6183.005900584817
5489.387029077108
11611.030184986459
5459.455928631229
6898.968385683955
9420.027875312615
8057.101988411631
15648.9428788337
10736.67393593876
4951.683889681704
6489.3521457589795
5175.574889323891
19250.643746508842
13092.875424952814
4388.744977211595
25146.978448646005
4205.416453812868
9957.602245437069
3943.8716121767116
6201.144436042969
10450.248147691676
18927.556011892644
4381.04873650895
3856.095514031432
7905.308173099052
10646.34943356955
5316.307214755997
5975.850829658763
15615.325190391222
5025.732926316983
9455.928243611696
6379.430152712179
5210.731957220598
8783.373904428752
4506.243506329118
4155.455349697952
6779.235332739724
5411.75463874703
4555.415612945395
5610.407335330772
4458.678706373298
8028.65517215264
4001.8294441417665
10192.497616220799
9673.420688584434
9477.547557868897
8645.887321341479
4436.758084833265
14915.640381045216
11044.62484755971
4860.950608162975
7914.406675171551
7021.653732561867
5998.466622535018
6394.580526899322
20371.272923981294
12405.442976304124
7623.89372717992
7064.796747725066
13499.092981690781
4354.637448934947
4232.919782687439
12475.811956074576
7743.573328896679
10594.391520674199
7180.843430150343
14182.430772849437
10016.622847297387
8023.343050333405
11747.167337277528
9186.160030629411
4114.40363843899
5244.60239690929
17061.76829556851
16711.106472094143
4099.856431835957
3829.295038472051
5569.754535734348
6104.316964930093
4340.646438799948
10545.391454564406
5264.530074311793
7913.074789233323
6328.419915613481
17430.838612786247
10372.578213250552
8205.375825741723
5445.984116606781
4871.309388141961
5917.610902213832
4365.644510645975
6756.884319837559
12715.27743307239
5857.332775817562
4388.158382131013
9702.593410269235
5230.011854830414
3922.3708085799335
4403.465537694904
19524.176846370076
6048.1827823184485
4185.3095142414495
6663.439934698394
6686.349166274024
8723.76934033296
3111.008554579474
4386.947910563789
7177.689107691045
4244.200929896385
6074.353330327985
17455.56766483596
2912.997537474643
4069.702172559232
9653.98540931844
5821.51470209143
9480.101192409991
5250.455325651926
8294.766365104364
4773.50035281588
4060.919223320421
5835.6783743051965
4098.123114101543
4237.303339782666
14684.15706722725
15326.121807608952
8722.975035311443
12244.772644820046
4223.6524087571415
4218.201335680095
4337.831453426163
16283.716397575421
9657.099630668965
3218.9096262036724
3628.9607954619737
3077.3791527856947
2583.271495281387
6706.0375698569815
5382.908814943831
3518.566793454403
5350.612750891248
3958.3383018214436
7349.731424344703
7289.382135339044
2309.0828312701706
8831.660731614034
8657.269652340357
9731.984685989459
6719.31478835454
6468.121107787021
