21067.55512171896
26643.08974127563
16742.37517598185
17749.0340620741
15082.880171240504
15798.46370774703
14383.400303532773
19379.735376461325
6147.814548005386
7481.247986688673
6544.144336733413
5741.813588202483
11189.247671984029
2337.5381832888493
9478.189668303401
10486.285927422858
4305.2139987461715
1683.369051436236
5222.835070310633
7920.2898837942375
10121.956049845307
7088.902124917981
2611.2062235041235
2252.058045063078
2826.2221521552997
5382.632242066454
5645.19392433363
2299.1585522389128
7899.868296265029
2250.508828020899
7712.065131878318
892.9424533529583
4104.162595463294
2376.6345606760833
5675.468465245843
9632.8314594758
4092.186321719316
5781.966428041588
5731.8338044352495
10312.111545895923
7427.940739644244
1004.6699184309242
7786.58999915881
10511.4306490601
7104.785787763063
6582.120312255011
1248.0668371525621
2753.1060362192134
3114.7662368145707
2686.0937452615713
4262.927705227946
1228.3501238110682
11702.008228362629
6305.445814003427
3054.73144509737
12545.493333730112
6906.20757965856
5214.8086466970835
2565.0860229239875
1782.4296708893362
16815.25472063983
6536.298681975909
3835.054067198184
9096.442365837316
6158.67097229589
2213.781010322987
4765.242602603425
9137.160604367202
3243.10375514979
3000.840255939437
3196.6065507034173
2029.4400602957787
5532.5503922994985
8710.919445156178
4273.340599382799
5121.112009938206
3245.932710588232
2906.692234883723
5212.975155481433
2077.5345352123513
1641.4286292739018
9667.456365732061
7231.724992005711
13189.766391790265
2559.2600164240184
1741.3095120244036
7895.340491180015
8033.917542104433
12049.072953827887
4184.566221844267
1637.088374218081
2451.151771446776
5387.138390648602
6430.08160795802
3577.74185136379
5826.764000426538
2456.2719220395775
1120.1846678115176
3478.3637896765968
7677.844074782104
7181.410908147972
4998.158847682481
2995.224353032674
2307.860682898053
4340.990968661418
1000.386317879248
6389.528684365799
12565.41635601463
1873.4585472684828
6636.676290634241
6642.182114335619
5366.952191886938
2042.624050904457
3646.41355238267
11925.771429765038
1769.5942727077302
4692.218743124977
2433.4139680703734
4900.160747533357
3945.8999077101116
12317.94570298419
1775.3120472187418
7261.3824357579
8736.08062920667
8253.439689002398
8960.539429725572
5365.019417019849
7099.242078794985
2248.284398157849
3735.1834254379887
7599.261908347854
5073.605485911047
1303.420770511196
3119.173030895636
1575.5392621787205
2570.891274117467
5451.2016976381765
1926.741274362838
3735.5740576248786
1724.5271013623803
13162.173967472092
5263.3733425754
2331.7154018018578
3968.3232979013524
2700.5586317155444
2785.6612826520504
5944.922547014385
7230.29369597114
339.3088981051534
7003.138171919786
1257.0336066841385
4974.000106051467
5711.469812141179
5163.636073382141
7021.089132985945
12673.16199776783
2216.6950027010935
4604.078253570416
2621.273014205121
5609.680051779544
9750.890905707027
5424.226473424575
2372.043774539866
4796.162311334622
9158.819822990296
6967.655815026074
1297.7104479299944
2491.5270688876735
6619.143825173565
14664.114787012091
8162.476686439396
628.7324974369731
889.2162569738965
8019.066630641417
9535.045975592708
8847.86420593505
3916.5224376990363
8570.037307970135
2849.687031353911
3374.646399007359
4493.953658528312
6859.626785158699
4853.2430102630005
918.1804125551797
3849.6068730023158
7282.829580710142
1207.8195988364046
850.330946357554
3999.46686947148
1766.3031039433747
6593.874060065145
5763.684174784968
3901.468967154124
4776.413767845775
6120.281202553796
8816.016174081504
8025.76011851837
2299.105397033087
9018.300207078937
13567.085686444725
10843.145631150277
