17731.151903829224
22447.595543843887
21870.52540795488
17070.90589643678
16236.095163554568
20618.709828939347
20143.647957606885
8477.780768082333
16433.05287030786
17541.067487423144
3646.4617944431193
2951.1969145303287
6097.91364265954
3130.86108735813
4510.220496827179
6685.258818849125
5562.222876992016
4052.414084633175
3578.2208721653838
6300.148940435191
12557.061468884085
6238.6644766060845
4258.4211409081345
2457.7876230463853
2418.5468956930868
3566.7924089205603
5252.8669938425055
11181.742917959316
9879.053495148208
4132.501209316218
3276.312249567594
9699.125252739721
3883.6074033472196
9569.26462927011
7620.364205972486
4905.951365773343
12201.92891827627
8162.777717582825
2318.078222004886
1601.589423041998
4255.070138474022
3099.8850320079077
5018.376371065314
2074.465572141413
4070.8496420690035
1862.0160055703068
1803.4587958512757
7879.511304008644
6673.77781220402
6637.457266403554
2336.976179810141
1717.431021904519
2972.501083823744
1740.3872179297725
10238.25103830402
4316.238844758246
8788.367714674514
5106.4610241993105
5086.235795589242
2989.8202234136643
3585.984188243631
11791.649608161984
18747.438200324865
7176.330167641398
2527.749985988857
9460.246013714443
11132.120511834211
2917.8693288082663
2167.160758534847
1887.7385654975285
5152.628241651698
7279.559363152874
3383.3864162502437
11095.799373937269
2987.958809120367
5564.496691974936
4354.203961498972
1271.6250443166546
8091.2069170797995
11137.032810478144
2214.2852240245234
6050.869741340221
3994.354751396025
4554.468698798284
9707.79335834531
2689.2827373979603
5762.450391977358
1586.3717460502967
12204.888564969913
16272.42572231729
16589.997340616625
10089.317427028122
10432.63339925895
5132.533589596208
1435.342944502579
4069.7841476340404
955.0619979875653
2477.9073355017404
1660.5537274254834
1257.1611034390144
2981.5546163033805
11469.90726415577
549.241141636956
1739.4501209673515
11380.276144789574
1422.1606806780544
1587.4229487862815
3835.744232218827
3078.0590055531206
6339.207458612893
3768.8027665736677
4847.820336157959
3791.1356438407743
11777.481181687364
3458.0673949958427
1590.6299679686663
3141.5521108203825
3296.125465350695
1727.3026095620885
10403.502540891377
1406.9793376829195
12137.199533802406
12952.746742744053
4975.745837057998
3929.1059116547112
2410.095113614122
7037.68284522683
2450.134928937588
6764.758781730506
1522.1512846407002
8198.719442591833
1604.6756520659662
2469.3638941368417
5352.794366808175
4128.524398418076
15420.463470012826
4441.084851700089
4798.273034644861
3292.2019047541216
2131.170201243126
3008.659005548264
2053.885341655339
10651.893386076174
14741.093180233729
7236.649109682372
16893.906889072958
8130.890608455305
14449.276323804826
15555.96374010088
7280.355504140349
14404.56034050791
16946.938549336868
6385.809257773572
16361.167390195604
6990.2103479318375
2537.3094007235304
3977.9155592680277
4206.09118105318
2490.3389006318
5389.253374231598
4116.915203361209
5233.027058022918
12379.488144305484
5519.069580403325
3694.3654583703546
8704.185981947614
9748.812189355856
6948.142034385884
5565.386718518909
3826.5925177194745
2475.7029362048534
6093.9671502505935
5726.934464295304
7685.585749418627
5138.639719646955
13470.0206560099
5310.729138420324
7764.881113814085
1468.5928242141638
2874.773340630527
1943.688381231244
1799.0240229079768
4269.514297903217
1472.2903444407061
3775.649579873641
5586.744629030399
6059.174699164895
3696.423023004808
2223.4274506566057
506.25441397252695
1922.918983819478
4154.446066164136
9075.854155119507
10653.167349666484
12043.897934846509
5959.574333373148
9394.090303572064
1649.2307216800607
7144.67212263796
1192.7140604520432
7713.1535936995315
