52238.516743570864
53228.31987995989
51348.53823078446
51475.809888966294
51880.636329816414
49909.36956744695
52079.20724251026
52095.244572337564
49917.627855564875
50306.292796163514
47600.42090136038
46637.30375661383
46768.23966607396
47214.918369568324
49433.3130939046
45660.40013096688
45554.81958730236
45424.8051423999
47816.544552138716
44828.28958448002
44385.928818264016
42897.392333237076
43601.03190118708
39394.066761844566
37942.73049377619
33722.44152768796
37208.10521674008
36660.791172745674
31453.85546834177
35031.565373864374
34650.034973960224
38534.60712671144
39066.576229495724
35001.87650231532
27237.89604723537
22775.410214417654
22752.8367270252
16153.664453512294
11081.539642200747
16742.151191379202
5593.708133400121
11004.365526614123
6135.668749750647
5050.881142434457
9475.546050756126
11110.68071241962
6645.9873382365095
11563.927584519024
9933.743926553238
17444.788768712566
5471.086331342251
8673.603740180126
8687.818047991106
9587.567843827755
6097.215445731492
5739.665958776115
15606.606727547578
11466.082986646603
6171.5426280631
7099.552595762638
6036.83562624769
8133.621546293713
10336.36998450939
5147.403222661565
6289.465388382916
6578.867322090229
5441.816963417029
6649.535748205785
14037.088502962428
6902.715015001947
9220.159355636612
6582.448407064553
7272.864969872602
8260.116189961656
5130.079416701721
4556.765410719904
5381.930595210855
5494.6382719884305
15201.964296322587
8578.784095760113
15552.633621137396
13530.947596282138
9458.51854273878
5628.710836121062
5043.582953945869
6325.033891213549
13000.611477478025
8178.7661650968685
12612.761871810631
7861.9179938273755
4616.892771839808
6070.7448171538235
4562.923975004041
5476.534312409629
12772.62476764271
7904.523522536531
6410.963517808121
10012.274786564074
4701.102642643177
8176.611892363079
9086.984553103044
4105.58677129916
5011.33665702076
12944.613117818548
8377.76668072504
9429.297123062779
4546.017502899287
5278.182788769887
6422.804459761587
8628.802176432138
14071.523223103224
4862.802542773046
13610.716255154735
14545.445707162087
5405.483319124511
12407.109404356306
13828.29687976795
9809.404461281021
5538.537036829612
6597.629573187632
10987.297453271512
6249.730122439954
5973.246481743966
6575.030546316876
6157.625336117812
8304.580493518823
4255.87700088556
8549.611096808245
12119.944978697993
4662.444699582685
4482.203992271362
6181.85951838118
7838.2442531262495
4000.817052178217
12309.648630715123
6576.199564971651
4316.614279540545
7678.507580361347
4333.909222245739
4144.879610032922
4337.0258668815895
9488.335367088019
7226.229957361354
3953.903353649404
9696.599652369552
13344.76447131983
4244.884656462019
4343.161026641003
18624.232516804554
8860.52977535768
11296.083849281573
6793.168252124091
10533.45188039831
4381.148510379441
10622.457031449927
4536.707361438837
8469.137465822598
13588.702476567314
7555.890353448317
7369.005309515434
13457.53956858385
4834.3437676000385
5300.854365257234
5071.83788975949
7430.874768827692
4747.498662453735
15103.169806423639
15122.047599338744
12544.87648750145
17348.97114816899
7574.793458680353
5422.589009412386
3869.585677864406
3625.8895435005556
5315.326022926534
3929.8236648311163
4690.914883758463
3769.416061098412
6245.373873116005
6793.55534508012
3814.481762092111
9964.80809398756
16077.03749228487
5946.950181255374
3835.5104612467603
6544.924766819962
3833.6695219245667
12915.583837493888
3871.239881700263
3835.647217658753
8681.417544483544
4173.993070789648
4697.683288955667
9132.471416690374
9526.865936917555
8746.757441189278
11852.49125254546
8514.726980551599
6766.632909603811
3740.397875226645
7931.178110154884
