52301.51304589572
53253.138113589135
50881.898084420296
51185.76496072907
49925.813239512354
51872.32845487081
48211.01634149606
46771.39494374028
51128.66366426306
49762.33099212697
47607.01321305858
44783.25749924109
43335.5503952394
35850.95984068395
41848.08502339145
38970.25972484231
35739.01580308744
32250.365781982484
37071.08489589067
38635.02274292933
35174.71539131483
27257.919324757713
27365.79815944226
25237.057353720935
31622.417446831398
19317.74551890912
17769.12295026591
9137.938712678406
9652.939948188498
7087.341046542067
8650.0355144743
6584.256094654886
9234.58653586252
12378.741408963999
8312.803761667901
9659.38124372709
7352.812930436896
9650.627038522765
6027.193657499317
10696.634479280543
5573.869206843663
8602.399902255958
7274.272629273665
6266.84180136481
7157.630250415753
6180.111943295741
12140.814607073668
8946.198973213894
13863.289555573261
6737.385698968605
11056.567729483986
17347.788861120025
21089.45592972153
14107.74515487858
14656.989041921264
17531.697831594443
12896.066449309263
23670.820366997563
23476.514446853762
8423.291300218303
6462.6711749090255
8211.390397389065
14330.13563514549
6266.176763386108
6896.8180303190065
6381.168208747778
6135.8659784092415
8528.585295737312
5403.909954992466
10558.403791767012
5326.446770283795
9416.192691758879
14541.86631402586
11604.97922466904
5137.924975772483
7320.646724959938
12394.82403552655
10732.85638301069
6037.8800999743835
10129.323101602924
19308.52776698248
6016.541925807549
15633.595138195182
6807.917366811478
17858.963457696344
13591.03357088783
26054.151574717096
12996.459640994544
6695.825425716136
11375.694817021069
8737.633433697403
15740.806187051963
5902.598485836556
11621.882426053018
5252.915623568813
17339.923824707726
4727.196604225383
7116.287447117352
12082.429083039002
12636.574172021466
12422.246935773468
5138.243990898058
15053.076300710098
6243.5453730232475
10495.167048932572
11332.224484922044
15986.432842674232
10507.3367623929
13059.446719712134
17629.328043348673
15965.44943275948
7653.966244372914
11640.324091206969
6335.2623732828415
6304.808129647298
15209.515560935311
6313.060155740637
14393.368157824169
6865.696817148279
30579.19136400874
7147.27169076891
11391.332452424811
7658.372268308717
7539.698389856188
12039.437221204875
4937.664770584032
5643.247040637745
6189.822439025748
11454.133224808706
5791.142839716527
4567.381893747592
19005.17412894885
4972.3410252784015
6445.681746073619
4922.281722941099
6256.796441737044
13840.212853433048
5262.672427895673
6126.976353798013
11604.461260940408
6429.688377881674
13554.732380365662
28223.235485470716
6035.7082594616295
10713.550451025407
18831.79948460405
14471.693579421404
17975.37437213293
8873.330593694795
10175.022300548862
17763.22263324798
17298.760351106088
8541.775068547911
20487.919876315736
8664.838990617964
5296.673894687747
8621.409573265848
8375.610759719755
7162.826895972475
9539.155237930314
16914.59475241229
4955.241043413866
14788.622497041433
11291.995602490582
8790.938547731977
7418.304411499077
9621.905957674568
7847.827929646097
4519.514384127274
5859.241350777988
7996.1038961692675
9308.215203338752
10312.079030357232
13954.890081676267
8173.029419784727
15536.24263268525
4854.8030143697215
8072.06962019861
5466.611568116639
4653.0150046323015
24075.067408213006
5248.226311494834
6871.927013339611
4687.451244902002
7689.654717107481
8273.549753682917
6597.29506830893
5776.238668458914
4904.481009750165
4620.800734721202
6649.690870133238
26924.01609492908
5125.2186358242325
4556.786171378538
6473.225812787109
4294.288132702168
10434.39577702833
4559.313083861062
3812.106756987095
7985.684143828881
4930.5806050944275
