52663.77489112733
53547.02563708216
53419.31973270532
52268.191879606224
52150.27743285105
52024.640688892156
51170.74779484206
50231.297469058074
49478.68046544559
49645.6382953058
50138.541967499084
48077.159343930325
48437.367536644684
48856.15042972243
48109.289425934505
46595.50678402372
47149.758753766
48359.2670607713
46822.60654203267
45153.647455936494
44926.54345113439
45465.952160325425
44922.083300106045
43860.77924737164
47195.4180324743
43609.32256735174
42676.22423395335
40164.06762484763
40813.642828675154
40121.08557631095
43144.16083853836
38997.02302815349
40840.79610238599
40456.54963093121
42158.16885883447
39465.20383327149
38579.53124551066
38237.10765417106
37532.15349514778
35656.78481390323
36363.30159602306
44807.57850810508
41326.851632040234
37245.46587284149
40932.125047856156
36953.18142339033
30463.342645464894
26195.518393419898
24372.607267175994
27730.711054623178
22112.060499118274
17348.65929325184
16088.581407994512
16619.99968526875
14079.941957562658
14137.085740231849
20076.72479900544
17848.621277846647
13221.36182301203
14404.793336594594
15499.51395205669
17597.07356053841
5951.176869045876
13759.191380552373
6605.361743437422
6463.404932386645
8240.301763790774
8176.8121542974595
7353.688576263389
5795.12244334262
11881.598207382149
6712.0825146398
11020.562781531018
9013.332944310889
15106.128268189703
8602.77836815913
12805.225995988252
9464.761448129584
16490.637210500186
9531.65167402796
11558.026108293752
6829.832430106418
8242.760579846214
7002.701196919182
13579.238144866596
11509.232052574143
12636.873929299129
15539.529836034293
9132.314429905853
7812.156276065314
8246.93036185788
12933.65788752999
7458.233448232452
10310.488675292425
7708.675197464218
10031.528334622464
10961.029127017833
9084.997599614433
24594.879916458223
8061.8324956757415
9057.847352710245
11041.067653613334
7793.141306837272
14101.128089151827
9369.549846266184
21256.316311471594
9621.56410119131
12622.623613047594
12774.192836600936
6562.198360559771
10653.643217776098
15317.614673853977
8183.294715964551
7462.799297515645
7093.295924086819
13851.18197110509
6439.0682529902315
11490.160610713847
6884.487708488798
7129.7443691902445
22999.40270427329
6677.047863389928
7196.779722324886
8839.892689865264
6343.526464173274
7454.232797768885
14064.117696286534
6988.6986366084875
6084.004639489794
10347.309375952122
6773.507779823784
6641.241804185921
14258.714906388537
6859.982719001558
7152.869066325764
8655.958329285864
6481.418911395868
9743.889344011115
7534.670277236202
6828.933441248348
6303.977848681471
12254.24818372524
7932.59213845008
9271.94632390273
11633.024142715427
9458.060806969543
10611.157792390046
16301.95811904202
16579.73198637421
9140.074202196976
8455.098646083321
13652.304696521634
17338.027703192387
8348.416135511374
7053.574403449645
8982.923797220294
9620.945759556767
5555.073930951175
13270.997016112493
20916.21875670489
8962.774073354745
7179.535786061194
11056.547470993526
10440.331361679411
5964.736412449422
15112.95712443465
6056.599075801534
6673.036383086788
7998.8882918190575
22336.921544571298
10424.030394957605
8304.116066847011
9593.97111419458
6999.796681332966
8320.379714592358
6884.072536902364
13921.610938692882
13799.603541104603
15262.71033788997
10158.892700322544
11364.085175235181
15728.122230101088
8703.9071009327
11846.811433602434
6420.124209598025
6505.255487424508
9836.5209206982
21844.314992845775
9603.109345415161
9665.137796051677
7314.038328561498
8572.441255363998
12132.256748849324
12108.92015148337
8429.754629287854
7797.293173809315
7250.972910697341
14995.611225455268
15848.993537919057
12572.435363789575
6834.351674445792
