19997.004026728606
20070.170272944873
14757.160306045786
10073.824385174348
11597.356559003723
3605.7262356793904
7944.624031066543
6973.792518302601
4993.708752687392
6575.591281651661
6255.751601792813
2595.4945350870357
2462.518098749056
8003.867155319359
5572.756876836934
3361.360711576985
2379.5272482154937
2195.2045569073207
7729.9487973724645
4858.115405689741
6487.833129019273
5262.153945866655
4040.6421783341984
3961.748409267471
3543.9874992725354
2958.827937151241
2044.582903674977
4062.367432093426
6624.819460055748
4418.967973030203
2424.416777632647
9869.58098072051
2430.58474857389
3489.874071510317
5353.368219790851
10184.212488373038
2171.687526632995
5480.506990233659
2664.919191082536
4275.8303230678675
8296.731575244958
9189.007646004728
13281.91686630109
4973.363247675896
8419.523411888189
1688.331411482947
4038.6952655942405
3321.0837990029704
4574.187445874951
3133.33730788755
12756.720412263752
3406.1503920604173
1899.9644483516001
2772.4179068098665
5574.301387468508
5171.470104009755
4957.617377161466
5365.480708349129
10055.59748954117
1855.7545648603427
12930.106701609233
10970.922932612977
2718.6585460480323
8931.341322369595
11203.362762581599
3905.884233222144
1570.3142259857846
2830.4697961057045
2021.328213493956
1607.2892495337192
4957.717908809792
11435.1262937203
10500.491790705171
2915.122775287518
7972.792054648527
3091.017737197033
12788.129220426785
9656.355787683744
8192.893808762974
8556.307708838745
11320.12006929844
9780.57502586973
23770.51297931957
7791.343213036719
972.1398613368347
11992.470733686756
6056.075176217681
3326.707146964798
5854.133439288858
1482.249537021348
4517.714537610066
3335.1826366782375
10605.681924720038
3396.707164053642
858.8980954300304
1132.6034750373437
2186.3017964132946
7201.238317354408
1472.656152444736
7158.8063889869245
4821.537989238151
540.1318403871411
9774.341609540768
3539.7865538287288
3971.45180150366
5307.550053618587
8238.094621836613
879.0805736677383
2201.329449446402
1934.0990947553162
1412.7786214879293
867.3941443580691
11491.412937711359
3436.37928349011
11595.502471145153
10340.72957226262
10228.510840619307
1948.3646732580635
930.3031530993898
1718.581026603052
17633.439293002375
1586.6383777240064
7339.431843246905
1797.5602103963029
1898.082640455889
5742.306341822364
9220.462302129976
4726.371604271787
3052.8063327043856
3836.3912986903024
1335.8427414931743
9387.181931495736
2493.6767703533674
7733.028922205494
2376.4295701044175
5888.149779712922
1351.9560317061598
4488.556526323357
1300.4271913490581
1783.3079248968754
3080.2575509200524
2686.382931874506
8396.278815642081
2719.9777186587394
1598.7042331213113
5900.959540617102
6889.164280472149
1607.2704652090554
3398.6780084321026
14563.462272127006
13703.037135917473
11210.725416611838
11662.713219701494
15375.100297071236
16208.965978947168
18098.874584395206
11595.163284030688
5320.3797167119565
3263.6501556284084
2077.610150710025
1949.8495681291247
3304.371076064753
7480.022926435453
2188.286704250611
3656.136336124972
2891.2054968472926
5597.001879578031
801.1189247962294
747.2813024557753
2473.807143520556
5111.17989411447
3529.977612299168
1815.6379521626368
4057.8110634511645
2356.2058706742923
2496.834521282231
1808.832405171911
7290.014274220136
8332.369460423608
1825.4325802395442
3622.622580856766
10862.03161744309
817.691717580654
4585.352698539121
3297.8027457687645
521.7470667542527
6462.755978553835
7244.122689003364
3822.460016795467
8904.805377716011
4306.930912687904
1279.688891879585
9091.255698288694
3035.8725648485315
8779.803079796266
2799.0320800233785
1818.6265449508867
2964.169551212166
2675.5817918725643
6256.253719945614
5304.111035476791
