52681.32676092799
53904.5054384758
52368.975387230304
53205.479966635015
52142.658939729954
52964.18334366788
50978.21433424609
48369.34895185862
48243.57986506253
47044.04486471517
47157.756110350856
43884.71993820856
44449.33400282844
45918.10597068437
44884.661478319445
41979.80296924542
43412.71347575884
40645.360042691216
37614.05484624951
34673.15442956794
30778.074557764874
36505.09383830335
30243.555238513214
30590.871802603688
24179.132747474632
26369.02176728089
23299.314272598956
26783.683537183606
30333.252424223596
24732.246604719654
18332.48295717195
15381.273964900742
26535.441805850278
8823.150179027141
18086.483309919593
16147.887337254577
8993.765012032873
22946.124092570986
5231.858043595347
13953.02625639566
7671.913986744116
7527.87492003332
6362.432818767781
4338.28625573125
7048.486296480023
5425.841777856533
3857.7521308831306
6122.6051587539105
12289.861349299268
11106.620901141205
11309.674683208179
6451.583386916218
4343.787179025541
5731.911222998254
6249.508530009914
14151.422148203574
5570.881218143739
3739.939491489134
14195.393392165408
4044.4223407057775
7018.5559603335305
6802.767611421104
18561.23159316213
21402.28654661304
6203.631603477649
6296.942995613031
10227.442084411918
4782.030052010687
11167.302786931139
17382.009340455053
11182.298837373886
11998.215947728784
7396.418121969579
9757.63975132648
3778.505290234927
2979.5733685098835
3887.655391749634
3101.242144958479
5232.589231760251
7235.307015139948
7168.4710526955005
5091.538679678931
4952.15546874961
3703.362835091011
4097.294095497662
25207.251720222626
7965.518654802084
2925.8467196124043
7965.489243291965
3084.139261609307
4940.648179473351
12144.70385339497
7594.075256189306
17282.972047027484
4322.229277814864
6933.447578345615
13749.562409400527
12679.969165577651
11124.33168112434
15796.991224913685
11708.539501221605
4577.5603999292025
3886.0349968401815
4133.77972119141
6587.44061744266
5505.8078594335275
7486.491890843579
9530.371798798478
25646.03184558968
5079.677457116085
5580.9030794009195
2616.436546781392
5772.739142151959
7854.7778135348935
8177.324230965367
2593.551265157487
15769.759761169478
8359.806015891358
3649.723293164383
11264.313622823778
13161.636403388447
6088.703549880987
5096.753675788802
16642.952400741084
4932.732803764394
11621.316432028401
2601.851631050472
6259.590078431655
5018.351398284766
8223.67522492225
9796.119263939845
8511.688145916374
3775.3258093397276
10163.799964416196
12350.130150866158
7408.880098908337
3004.917152213463
13743.193846167394
18624.638124135457
12061.010034818808
11794.280837691349
26251.85115714065
28121.841234320582
6680.021283274478
21154.436814610155
6092.856829517661
4501.170557754949
19258.959025563487
6483.2820027102525
19087.975502306857
6161.4257573497825
4609.515006845442
12095.706987880729
19833.784187382564
13389.304172672057
3427.683765071296
14025.111266819478
8291.645206471392
5639.310359580032
4586.876510219127
2512.6301485362574
3484.794669465238
4452.760621232631
4779.028760637459
8086.420412539366
15307.510102832966
3216.5645109858024
6529.638104443462
5817.240642406558
2405.469834910982
3236.2746059319506
3012.109071453644
15845.578416443708
3290.532860343443
7036.027751271784
2152.2072166344333
3538.9458988518036
5254.9701237653735
7756.7125622478325
4136.161997955754
4566.0649122995765
1935.5153129507053
8688.233069694512
10055.744416667188
10083.70346185699
3696.1407287421657
7532.108679955878
4271.7545942309625
13824.981959843564
7084.763309384443
13557.702226840162
8601.906486742731
3422.8119112799636
10964.129742330975
4783.491228869001
3741.5727887257963
10901.555000472792
3433.846565685
3788.1329869299293
10089.788512732399
4901.9916612196175
