0.22939351620947632
0.26321895261845385
0.31054164588528677
0.2793955112219451
0.2908453865336658
0.41799351620947633
0.36164588528678304
0.33265486284289275
0.2811072319201995
0.31197406483790524
0.3653586034912718
0.27714463840399
0.22425486284289275
0.35062743142144637
0.29825187032418954
0.15518254364089776
0.1052708229426434
0.11411072319201995
0.15470274314214463
0.2990618453865337
0.07801745635910225
0.05774812967581047
0.1293940149625935
0.1420059850374065
0.1140997506234414
0.08918054862842893
0.10037556109725686
0.14888977556109725
0.19023990024937656
0.13264039900249378
0.24129775561097258
0.05336508728179551
0.10121745635910225
0.05484538653366584
0.10788329177057357
0.06313266832917706
0.1257511221945137
0.06896109725685785
0.15432967581047383
0.07359600997506234
0.24143341645885286
0.0464857855361596
0.24289675810473815
0.049818952618453864
0.15637057356608478
0.07109775561097256
0.10335660847880299
0.06172768079800499
0.08684089775561098
0.11592468827930175
0.1992857855361596
0.3197221945137157
0.08730074812967581
0.15867431421446385
0.16152718204488778
0.21121745635910225
0.0797281795511222
0.12478154613466334
0.1304713216957606
0.1919221945137157
0.11980548628428928
0.1188568578553616
0.20971820448877806
0.18706832917705735
0.05397705735660848
0.274426433915212
0.30470573566084785
0.35648977556109723
0.05999052369077307
0.14253516209476308
0.24276059850374065
0.10588428927680799
0.07796708229426434
0.29111870324189526
0.08303291770573566
0.28128129675810476
0.46277306733167084
0.17981895261845388
0.3162862842892768
0.2269216957605985
0.22278304239401497
0.23573366583541147
0.09460947630922693
0.08195012468827931
0.08251670822942643
0.09306034912718204
0.08401047381546135
0.09100648379052369
0.07777506234413965
0.07756309226932669
0.16526982543640897
0.11397805486284289
0.09408329177057356
0.11422892768079801
0.12143990024937656
0.09698254364089776
0.09028728179551122
0.0765925187032419
0.1589271820448878
0.135014463840399
0.13676309226932667
0.124971072319202
0.1134219451371571
0.2457501246882793
0.1909850374064838
0.18566982543640898
0.09743291770573566
0.1121576059850374
0.279684289276808
0.14562743142144638
0.15166683291770575
0.09069027431421446
0.24313915211970075
0.08225785536159601
0.13482743142144638
0.21419750623441397
0.14711920199501247
0.07981745635910224
0.21015860349127183
0.09606683291770574
0.056534663341645884
0.10016159600997507
0.22944788029925187
0.3014563591022444
0.22964688279301745
0.04204039900249377
0.14430473815461348
0.11852518703241895
0.04738653366583541
0.19678254364089776
0.16637456359102246
0.08231620947630923
0.09364039900249377
0.11872817955112219
0.07122443890274315
0.1016423940149626
0.10046932668329177
0.07337605985037407
0.11039900249376558
0.09771620947630923
0.11686882793017456
0.24160149625935162
0.07012518703241895
0.12505286783042394
0.0634503740648379
0.07038952618453866
0.08823840399002494
0.1344778054862843
0.08841995012468828
0.12874064837905236
0.0835142144638404
0.05950224438902743
0.10614314214463841
0.16950673316708229
0.12925586034912717
0.1562069825436409
0.12103092269326683
0.1288568578553616
0.11981795511221945
0.30982693266832917
0.14991122194513715
0.12397955112219451
0.07253416458852868
0.09433815461346634
0.1132633416458853
0.09445536159600998
0.09290623441396509
0.1031007481296758
0.15516059850374064
0.21048977556109727
0.11914613466334165
0.231115710723192
0.18656758104738155
0.057733167082294264
0.10943092269326683
0.11030922693266833
0.20561246882793016
0.13011720698254364
0.08012468827930175
0.07894164588528678
0.07781745635910224
0.10552319201995013
0.08582543640897755
0.0914563591022444
0.19627331670822942
0.05612967581047382
0.0803715710723192
0.0924284289276808
0.19398902743142143
0.08497805486284289
0.06274264339152119
0.0905216957605985
0.07105835411471322
0.2205930174563591
0.24980448877805486
0.07325336658354115
0.12249526184538653
0.05794014962593516
0.23423291770573565
0.08128229426433915
0.147985536159601
0.058936159600997504
0.08711670822942644
0.08358204488778055
0.09202693266832918
0.06479900249376559
0.09797256857855362
0.15158354114713216
0.21142194513715712
0.1746214463840399
0.08047880299251871
0.17051920199501247
0.07482593516209476
0.17440997506234415
0.06131870324189526
0.07244339152119701
0.08444488778054862
0.2738413965087282
0.09933516209476309
0.1531645885286783
0.07367331670822942
0.06440897755610972
0.06921047381546135
0.07634812967581048
0.07196558603491272
0.07604389027431421
0.08077955112219451
0.07398753117206983
0.15606832917705735
0.08191172069825436
0.09363391521197008
0.21679351620947632
0.08714164588528678
0.08193815461346633
0.07575211970074813
0.06674713216957606
0.09696758104738154
0.11567630922693267
0.07318902743142144
0.07417655860349127
0.060842892768079804
0.07424488778054864
0.0673286783042394
0.08390872817955113
0.19472369077306734
0.08572618453865337
0.2270643391521197
0.22310473815461346
0.07185885286783042
0.07558354114713217
0.0645366583541147
