19471.419407942503
23566.803084388288
24217.42739681488
7488.524089565313
15844.546667702425
8785.202983995305
3650.610212233931
962.2983399133556
1543.083170689988
3316.9013049330647
1801.0553410894033
2660.61237499941
1280.1301769742013
1154.9971450181165
2517.4886732615105
2202.3422330933645
4195.659626328142
3659.9004767889523
2016.8960835071962
5434.041062751244
1537.1894531904647
3620.721612929298
6571.899706325409
787.3257786117935
13604.680692259313
2202.859160651599
9285.968029056889
6960.176798401029
1762.1214255360876
14268.061596388396
13575.733543103051
2487.6929576751763
8522.28032698213
1712.735144440027
5494.727535252923
3277.6174283565597
1452.728592453984
755.3312077051586
3842.4651050248112
4425.511822000555
1490.121529160178
2623.053549459739
5730.922574507528
2388.3209838015214
3574.0357466501837
9209.821897481695
11188.07765532876
7908.738916224255
9871.668691681936
5751.626715692411
8126.113959534
4233.005606343244
5198.991664736538
2112.9740178241664
2113.57560427821
8342.80737851474
4938.045525644061
7235.6520219903705
4889.580016047731
5603.977135630254
4539.7183904951635
6333.749103677326
7248.623611302585
6450.116596878954
1853.846890477564
8889.603558277126
9743.4541689964
3445.224945728024
2178.5357280369153
8589.391971981098
2305.9047739806315
4124.08436443776
8618.931400701598
1761.145635185612
5040.155539431959
3792.957406606794
8744.824463361172
5633.29813223716
2663.8287013244676
5724.077663111616
1331.4559161559448
2417.0397052317257
3489.41253580026
5824.45910163911
3547.760383678695
5216.603936790039
6994.015504820294
3919.4765245714466
4764.392960458516
3584.314910365252
2690.1587976672804
1665.1003598382092
5748.733449784107
9422.631734994919
5883.937792130936
2434.256192008831
2876.1728665595424
1479.8625076900446
3012.17055709002
8714.87624247566
1484.524323927814
4482.995083088984
1518.474452644276
1772.1542648238424
6826.751230392585
2052.5602930648997
3799.6842188967935
2767.4663620358606
2006.7112331706655
2207.7341963349363
1185.1208925675053
3898.319166854693
1663.8218319078921
7719.851934352972
1496.6921560561477
6404.176446533414
7951.793700899607
4056.6742034988874
1098.9687112622148
4546.344323556382
667.4278325532033
3107.8745732949606
3041.7858260677503
4343.512791892449
2740.974308526076
1132.1907193578297
4980.171341597262
8122.891961918489
2984.9394237292877
5825.470529779834
12736.791299420745
2997.0167008210015
12634.786862270372
3227.876357607274
6493.993148928734
805.358963444252
2202.5590718525577
4920.77806364671
2807.6081478131287
4818.185010630732
5044.981418201657
1081.1834179885175
1321.8150551419817
4889.107011169491
5333.948304492648
1999.5559373687618
853.1184276914119
2242.76792082165
3652.801238775524
1721.2606141042868
2826.532952812214
10048.899524989458
2764.5203607497633
5601.439928417216
5055.010659896443
1350.6723418357244
1073.954688677941
1643.3843682068618
3087.058579511139
4952.408125851503
2286.8829779855378
952.792218517063
2407.7327990594526
2988.717297604442
915.2361343755318
11109.950667907277
11098.215528783596
6519.5830149123285
2747.9175709374304
4339.489991730979
242.58156360284266
9661.092089406871
1601.4718141967614
8677.39263757649
1025.8064023001612
3135.988367325364
1082.9950161473505
3180.399093929356
9865.162791358285
1758.0020345077344
1794.5744639514592
2773.300901152512
3340.66594184453
1784.5757735850464
4913.671458627788
991.1661481978354
1240.9578001151638
2416.2683553363854
704.9106716457057
4439.070988957036
7576.796951548854
5239.416027892167
3515.535726599859
2628.5016777624473
1266.5808251614528
3610.074978676574
1090.1338541665423
3409.2289289515306
3257.2823629011145
5328.296613052493
2269.8144377165872
