1.1888403990024938
1.1690483790523691
1.2481920199501246
1.2932598503740649
1.290062842892768
1.2393506234413965
1.1385331670822942
1.2548448877805487
1.2765556109725686
1.2247995012468829
1.2992468827930175
1.1517206982543642
1.190920698254364
1.1683077306733167
0.942542144638404
1.1709690773067332
1.2029730673316708
0.9049256857855361
1.000004987531172
1.1651660847880299
1.155347132169576
1.0745142144638404
0.9085600997506235
0.7532294264339152
0.515611970074813
0.8557206982543641
0.47837705735660846
0.8736623441396508
0.8741625935162095
0.31367381546134665
1.2097261845386533
1.2849042394014962
1.0119391521197008
0.8065172069825436
0.35531670822942646
0.8770049875311721
0.9358942643391521
1.1705361596009976
0.941142144638404
1.192253366583541
0.8352728179551122
0.5750189526184538
0.8208453865336658
0.28472418952618456
0.2260783042394015
0.4258598503740648
0.5413436408977557
0.5744254364089776
0.18318403990024937
0.6883162094763092
0.5717935162094763
1.095881795511222
0.7188688279301746
0.6458678304239401
0.6833067331670823
0.4191835411471322
0.9415256857855362
0.32519052369077306
0.07602593516209476
0.38776907730673316
0.4864523690773067
0.6005441396508728
0.805857855361596
0.1488359102244389
0.14179501246882792
0.7107770573566085
0.24148827930174563
0.7157067331670823
0.2372413965087282
0.48367431421446383
0.7402184538653367
0.6639700748129675
0.2725501246882793
0.45541695760598505
0.7190718204488779
0.41797306733167083
0.20350174563591023
0.7372239401496259
0.6616224438902744
0.29777556109725684
0.4811905236907731
0.6574254364089775
0.4916149625935162
0.12736209476309227
0.2048633416458853
0.9261830423940149
0.655616957605985
0.4496997506234414
0.7970324189526184
0.14153067331670824
0.9028269326683291
0.9946209476309227
0.604045885286783
0.9899850374064838
0.7669795511221945
0.7925591022443891
1.1342254364089777
0.682564089775561
0.9466059850374064
1.0440852867830424
0.9501241895261845
0.8259591022443891
1.1172079800498753
1.0417221945137156
1.122638403990025
1.1247032418952618
1.100364089775561
0.8284004987531172
1.204218952618454
1.163021945137157
1.1189546134663342
1.2824304239401496
1.092383541147132
0.8944568578553616
1.2321895261845386
1.2363536159600998
1.148193017456359
1.2191226932668329
1.1402059850374064
0.8784299251870324
1.1505945137157108
1.2557875311720699
1.1996917705735661
1.3052219451371572
1.2618643391521196
1.2182778054862844
1.190884289276808
1.1674209476309227
1.190954114713217
1.2694523690773067
1.2154633416458853
1.2245401496259352
1.2777431421446384
1.2461291770573566
1.2159695760598503
1.25645536159601
1.2184274314214465
1.2999745635910225
1.2247815461346634
1.2834957605985038
1.2403291770573566
1.2673331670822943
1.2862204488778055
1.3021411471321696
1.3199481296758104
1.3430812967581047
1.327831421446384
1.3186533665835412
1.328228927680798
1.3162972568578553
1.2486219451371572
1.2379576059850375
1.3300463840399002
1.2599266832917706
1.1934234413965088
1.047305735660848
1.2175336658354114
1.0618059850374064
1.2373167082294265
1.1182583541147133
0.946701246882793
1.138518204488778
1.163313216957606
1.2077047381546135
1.2228299251870325
1.110221945137157
1.239848379052369
1.2120094763092268
1.1747017456359101
0.9340573566084788
0.9131192019950125
1.2646109725685786
1.1885870324189527
1.100469825436409
1.2168139650872818
1.1798114713216958
1.0794249376558605
1.0968977556109725
0.7838872817955113
0.7882423940149625
1.1573082294264339
1.0642354114713217
1.045585037406484
1.1576728179551121
1.0487172069825437
1.161662842892768
1.0590788029925187
0.9558533665835411
0.5756204488778055
1.1167800498753118
0.9034179551122195
0.8084528678304239
0.8848822942643392
0.6154922693266833
1.0016593516209475
0.6161152119700748
1.080881795511222
0.7621261845386533
0.467614463840399
0.8806683291770574
0.9437211970074812
0.9036738154613466
0.5827605985037406
1.0336149625935163
0.405527680798005
0.707672319201995
0.4945860349127182
1.011751620947631
0.49993915211970075
0.5160194513715711
0.6007635910224439
0.2190428927680798
0.9974189526184538
0.5804184538653366
0.7048134663341646
0.7061750623441396
0.7034204488778055
0.31610274314214465
0.9472069825436409
0.6885291770573566
0.7826209476309227
0.7519456359102245
0.6828807980049876
1.0078174563591022
0.369843391521197
0.47314463840399
0.6172369077306733
0.8534024937655861
0.846802493765586
0.9642309226932668
0.5588783042394015
0.6157291770573566
0.2807296758104738
0.5852269326683291
0.4218154613466334
0.9096643391521197
1.1476329177057356
0.7866394014962593
0.7690708229426434
0.5007745635910225
0.964002493765586
0.2964079800498753
0.7670513715710723
0.726518204488778
0.6889261845386534
0.8045521197007481
0.6308832917705736
1.016879301745636
0.6265062344139651
0.6683610972568579
0.8063541147132169
0.6204688279301745
0.5230334164588528
1.0154793017456358
0.8851740648379053
1.1446713216957607
1.1595167082294264
0.9981206982543641
0.7237556109725686
1.0382613466334165
1.0804443890274313
0.9286279301745636
0.7695770573566085
1.0954852867830425
0.8329620947630922
0.6878623441396509
0.5694802992518703
0.5189800498753118
1.0990329177057356
0.628407481296758
0.9973456359102244
0.7612154613466334
0.5105466334164589
0.9994299251870324
0.40364688279301747
0.7882932668329177
0.23456009975062345
0.507513216957606
0.8446992518703242
0.6412174563591022
0.6634513715710724
0.9155885286783042
0.28426034912718207
0.3276099750623441
0.9252658354114713
0.6416139650872817
1.033838403990025
0.7149680798004987
1.096404987531172
1.1832543640897755
1.1221206982543641
1.0456309226932667
1.2147172069825436
0.9271745635910225
1.1327600997506235
1.0230384039900249
0.49541695760598503
0.5653356608478803
0.7787301745635911
0.5419461346633416
0.8236054862842893
0.664498753117207
0.664640897755611
0.5353965087281796
0.6334039900249376
0.9403062344139651
1.2067995012468828
0.42863192019950125
0.9003625935162095
0.7044788029925187
0.35865286783042394
0.8643705735660848
0.9399461346633416
1.2060728179551121
1.1688493765586034
0.9135531172069825
0.9434718204488778
1.1711725685785537
1.1249426433915213
0.8556324189526184
0.796228927680798
1.154245386533666
0.6712438902743142
1.0294304239401497
0.19307431421446383
0.1503142144638404
0.9039356608478804
0.9410947630922694
0.373727680798005
0.9679376558603491
1.1269381546134662
1.1973546134663342
1.0639795511221946
1.1762778054862844
1.114313216957606
1.2280763092269327
1.1182134663341645
1.1757910224438903
1.0392543640897756
1.1360384039900249
0.6241556109725686
1.1787446384039901
1.0656294264339152
1.1755271820448878
0.6472129675810474
1.2355885286783042
1.249852867830424
1.3335162094763093
1.0094957605985038
1.0388324189526184
1.2637915211970074
1.2176344139650872
0.9272633416458853
1.1569077306733166
0.5426892768079801
0.3128
1.0402354114713217
0.8967331670822942
0.6436473815461347
1.1619386533665836
1.0772668329177058
0.5925406483790524
0.6432947630922693
1.0688523690773066
1.1195451371571072
1.0138418952618453
0.22060548628428928
0.996481795511222
0.9073366583541147
1.098282294264339
1.18242144638404
1.1253890274314216
1.067180548628429
0.7837246882793018
0.8990523690773067
1.0674209476309227
1.2442418952618455
0.7240403990024937
0.9561236907730674
1.0250937655860348
0.7336189526184539
0.1298074812967581
0.9156902743142145
1.038539650872818
1.0654034912718204
0.8685635910224438
0.8681845386533665
0.9449845386533666
0.8882109725685785
0.9870443890274314
0.7549755610972568
1.1911960099750623
0.7789421446384039
0.5121152119700748
0.9661187032418953
0.14182044887780548
0.47963142144638404
1.1218379052369076
0.7695231920199501
0.8989815461346633
0.7477620947630923
1.0847476309226933
0.5655216957605985
0.8402194513715711
0.33305187032418954
0.513269825436409
0.8547561097256858
0.7343436408977556
0.67814463840399
0.9673571072319203
0.26630922693266834
0.7178733167082294
0.23019600997506234
0.7775371571072319
0.5290084788029925
0.5972269326683292
0.8436403990024938
0.5555755610972568
0.8947526184538653
0.9492364089775561
1.135252867830424
1.07003391521197
0.7143745635910225
1.120272319201995
0.6732294264339153
0.8776244389027431
0.22039501246882792
0.8551147132169576
0.8890124688279302
0.5322618453865336
0.29527680798004985
0.7616493765586035
0.7724798004987531
0.10409675810473816
0.7653147132169577
0.6129221945137157
0.7042374064837905
0.7293087281795512
0.699397506234414
0.2311226932668329
0.38429825436408976
0.15065187032418953
0.5786927680798005
0.892696259351621
0.5954379052369078
0.5490638403990025
0.7134443890274315
0.34127581047381544
0.9229017456359102
0.2256852867830424
0.3634733167082294
0.22749625935162096
0.33259201995012466
0.18182394014962594
0.5676683291770573
0.7107027431421447
0.6919690773067332
0.29086733167082296
0.4380523690773067
0.5784473815461346
0.4563865336658354
0.1928628428927681
0.5884508728179552
0.6013605985037407
0.5814678304239401
0.4666149625935162
0.3946523690773067
0.3517022443890274
0.1637930174563591
0.7042523690773067
0.7142802992518703
0.28738104738154613
0.5979790523690773
0.6390294264339152
0.6565241895261845
0.7165600997506234
0.5807142144638404
0.48319700748129674
0.20353915211970075
0.702838403990025
0.26005087281795514
0.38092418952618456
0.7189361596009975
0.5164718204488778
0.5855635910224439
0.6428154613466334
0.7143640897755611
0.6450528678304239
0.5992423940149626
0.7188917705735661
0.7043122194513716
0.2994568578553616
0.17958453865336657
0.7131925187032419
0.3564623441396509
0.6476947630922694
0.20854463840399
0.7164234413965087
0.4946269326683292
0.634961596009975
0.7196219451371572
0.219472319201995
0.39908728179551123
0.18618154613466334
0.7125825436408978
0.7187097256857855
0.5722089775561098
0.6767281795511222
0.6593386533665836
0.3286563591022444
0.5421700748129675
0.43737406483790525
0.34050523690773066
0.39114912718204486
0.5591531172069826
0.6645615960099751
0.6879635910224439
0.689318204488778
0.7142279301745635
0.6774029925187033
0.6966448877805487
0.7178219451371571
0.7169316708229426
0.5039920199501247
0.3578588528678304
0.7039187032418953
0.22099401496259352
0.7179985037406483
0.7090124688279301
0.7066523690773068
0.7110483790523691
0.7172917705735661
0.7178608478802992
0.7118149625935162
0.7186648379052369
0.7162768079800499
0.7124912718204489
0.7171770573566085
0.7172598503740648
0.6985985037406484
1.023325187032419
0.160214463840399
0.1424628428927681
0.4499201995012469
1.0342329177057357
0.760414463840399
0.37078802992518706
0.1315576059850374
0.8299930174563591
0.9730568578553616
0.8035486284289277
0.28562493765586033
0.7072872817955113
0.6756259351620948
1.0913501246882793
0.3067481296758105
0.9908478802992519
0.9574019950124688
0.06797605985037407
0.7100264339152119
1.0847241895261845
0.7688234413965087
0.6261825436408978
0.7143236907730673
0.706559102244389
1.0291236907730674
0.7202329177057356
0.7893551122194514
0.7613281795511222
1.0201331670822942
0.6351920199501246
0.6871336658354115
0.23534014962593516
0.10015610972568578
0.7134184538653366
0.7610034912718204
0.5908798004987531
0.37032568578553615
0.8325271820448877
0.11541995012468828
0.6903236907730673
0.7037271820448878
0.1806508728179551
0.6877645885286783
0.4685945137157107
0.26979600997506237
0.7107501246882793
1.016780548628429
0.3663286783042394
0.7137097256857855
0.7117226932668329
0.422713216957606
0.7169366583541147
0.26027431421446384
0.7056917705735661
0.6589361596009975
0.6888583541147132
0.1411351620947631
0.5847576059850375
0.07064588528678305
0.7058194513715711
0.716069825436409
0.7158064837905237
0.7139536159600998
0.7169281795511222
0.7186967581047382
0.6742997506234414
0.7140763092269327
0.7184384039900249
0.7059765586034913
0.7082199501246883
0.7188713216957606
0.7177915211970075
0.7194403990024938
0.060915211970074816
0.7168269326683292
0.7183630922693267
0.7196284289276808
0.718908229426434
0.7137635910224439
0.7144663341645885
0.6772778054862842
0.46649476309226934
0.7084852867830423
0.7168319201995013
0.7157286783042394
0.7138628428927681
0.7180902743142145
0.7076403990024938
0.669826433915212
0.7180448877805486
0.7199865336658354
0.4847870324189526
0.7139561097256858
0.7181261845386534
0.7190508728179551
0.7144034912718205
0.7177226932668329
0.7187047381546134
0.7192568578553616
0.7171082294264339
0.7189102244389027
0.7172029925187032
0.7193197007481297
0.7107765586034913
0.7194279301745636
0.7175331670822943
0.7169087281795511
0.7181376558603492
0.7200064837905237
0.7180423940149626
0.7194324189526184
0.7191097256857856
0.7190693266832918
0.7187082294264339
0.7192698254364089
0.7196009975062344
0.7187072319201995
0.7187336658354114
0.7173650872817955
0.7185481296758105
0.7147441396508728
0.7185122194513716
0.718730174563591
0.7189052369077307
0.719327680798005
0.7199850374064838
0.7192648379052369
0.7182897755610973
0.7192862842892768
0.7200079800498753
0.719214463840399
0.7173187032418953
0.7192359102244389
0.7184488778054863
0.7181461346633417
0.717356608478803
0.7136403990024938
0.7190214463840399
0.6912513715710723
0.7187670822942643
0.7184054862842892
0.7186947630922693
0.7087017456359103
0.7189556109725685
0.7199775561097257
0.718901246882793
0.7136478802992519
0.7122912718204488
0.7200089775561097
0.7183875311720698
0.7197895261845386
0.7143765586034913
0.7194
0.717493765586035
0.7198638403990025
0.7080708229426433
0.7154463840399002
0.7161511221945137
0.717173566084788
0.7189511221945137
0.6989231920199501
0.7190334164588529
0.7187456359102244
0.7176239401496259
0.7185376558603491
0.7179406483790524
0.7173172069825436
0.6897182044887781
0.7122738154613466
0.7194668329177057
0.7190394014962593
0.7189067331670823
0.7188822942643391
0.7190299251870325
0.7179785536159601
0.7147316708229426
0.7085845386533666
0.7179740648379053
0.7167915211970075
0.7127187032418952
0.7177605985037406
0.7166563591022443
0.695192518703242
0.5912129675810474
0.717571072319202
0.283988029925187
0.26395411471321695
0.6746528678304239
0.9358468827930174
0.25340249376558605
0.8933790523690773
0.7329366583541147
0.67874463840399
0.2380413965087282
0.4530219451371571
0.6196713216957606
0.10860199501246882
0.6729600997506234
0.19867231920199502
0.5799860349127182
0.6489102244389028
0.5333850374064838
0.3356079800498753
0.37001945137157105
0.5162344139650873
0.5860962593516209
0.28419152119700747
0.32362992518703243
0.49512319201995014
0.14416708229426434
0.6520573566084789
0.5105770573566085
0.7163326683291771
0.7065531172069826
0.48090922693266835
0.846397506234414
0.5158503740648379
0.5956468827930175
0.1304857855361596
0.1304638403990025
0.7122274314214464
0.5143022443890274
0.37308129675810475
0.6957700748129676
0.1779501246882793
0.3803640897755611
0.20253865336658355
0.3254638403990025
0.35980997506234413
0.4526244389027431
0.19566533665835412
0.12705336658354116
0.45298852867830425
0.7129725685785536
0.6939426433915212
0.5453182044887781
0.7106887780548629
0.5872693266832918
0.22219950124688279
0.7171266832917705
0.3204498753117207
0.7108034912718204
0.5205192019950124
0.30016708229426436
0.19419750623441395
0.17647231920199502
0.3922423940149626
0.5993985037406484
0.7070139650872818
0.29885336658354117
0.6029007481296758
0.7156857855361596
0.1346134663341646
0.5369860349127182
0.6930957605985038
0.5298379052369078
0.1875860349127182
0.6870493765586035
0.6966548628428928
0.7860334164588528
0.716448379052369
0.07664139650872819
0.7143356608478802
0.7198064837905237
0.719626433915212
0.7171780548628429
0.7173820448877806
0.7151057356608479
0.7137885286783042
0.717860349127182
0.7176109725685785
0.7103581047381546
0.7079226932668329
0.7186897755610973
0.719469825436409
0.7178977556109726
0.7195386533665835
0.7175017456359102
0.7135042394014962
0.7137995012468827
0.16979551122194514
0.8327720698254364
0.7180264339152119
0.7138493765586035
0.7049526184538654
0.6451381546134664
0.7184503740648379
0.7167346633416459
0.25609725685785534
0.6887456359102244
0.7187391521197007
0.7182179551122194
0.282573566084788
0.7190563591022444
0.7192443890274314
0.7187226932668329
0.7175461346633416
0.7137256857855362
0.7189187032418952
0.7175546134663342
0.7195895261845386
0.7171406483790523
0.7183531172069826
0.7184817955112219
0.719079301745636
0.7196309226932668
0.7185815461346633
0.7161376558603492
0.7183376558603491
0.7194613466334164
0.7156114713216958
0.3410009975062344
0.7181571072319202
0.7196498753117206
0.719619451371571
0.7172693266832918
0.7188728179551123
0.716814463840399
0.7161461346633416
0.7176129675810474
0.7136453865336658
0.715602493765586
0.7128733167082294
0.7081780548628429
0.7157855361596009
0.6652658354114713
0.7197980049875312
0.7121261845386534
0.45283890274314215
0.12973466334164588
0.717501246882793
0.11070872817955112
0.6776977556109726
0.2777990024937656
0.7067625935162095
0.7190583541147132
0.23854164588528678
0.718737157107232
0.13060299251870325
0.33505536159600996
0.42978154613466335
0.2470364089775561
0.6969201995012468
0.7117645885286783
0.7185920199501247
0.300313216957606
0.7030628428927681
0.510402493765586
0.4401785536159601
0.6939655860349128
0.524959102244389
0.7005152119700748
0.7179725685785536
0.6859201995012468
0.13445386533665835
0.17145187032418951
0.6011007481296758
0.1048932668329177
0.6276089775561097
0.7196049875311721
0.7045476309226932
0.7106528678304239
0.7179526184538654
0.7158089775561097
0.5644927680798005
0.7178399002493766
0.7138992518703242
0.360898753117207
0.7183142144638404
0.7178064837905237
0.5287715710723192
0.5960763092269327
0.7168463840399002
0.6790199501246883
0.7168468827930174
0.7172334164588529
0.7162917705735661
0.7177386533665835
0.7191142144638404
0.7157201995012469
0.7176034912718204
0.7187296758104739
0.24012019950124688
0.7154798004987531
0.7193162094763093
0.712713216957606
0.718518204488778
0.7370084788029925
0.7148957605985038
0.7179416458852867
0.719281795511222
0.7194394014962594
0.71825536159601
0.7083256857855361
0.7187441396508728
0.7151511221945137
0.7058533665835411
0.7181436408977556
0.7128124688279301
0.7194468827930175
0.7009531172069825
0.4150154613466334
0.7194877805486284
0.7181925187032419
0.7183705735660848
0.7429650872817956
0.42066882793017457
1.069371072319202
1.0746613466334165
0.3789650872817955
0.9225890274314215
0.45631670822942644
0.8848548628428927
0.7183481296758105
1.000814962593516
0.6053201995012469
0.8206503740648379
1.0157845386533666
0.5382428927680798
0.622238403990025
0.19396857855361596
0.5636573566084788
0.9347361596009975
1.0907600997506235
0.7995306733167082
0.8958872817955112
0.8133556109725686
1.0358807980049876
0.6904074812967581
1.1449426433915213
1.0970583541147132
1.1480882793017457
1.0112229426433916
0.9166558603491272
0.7753860349127182
0.9697925187032419
1.1579566084788029
0.6696608478802992
1.0588329177057356
1.2537167082294265
1.1763730673316708
1.1951805486284288
1.2110483790523692
1.2737885286783042
0.8843032418952619
1.2233177057356608
0.8640219451371571
1.1163955112219452
0.8846957605985037
1.1599740648379053
1.2954568578553616
0.9960523690773068
1.1694389027431422
1.2908059850374065
1.145281795511222
1.216445885286783
1.2209531172069825
0.6607032418952619
1.242038403990025
0.9047391521197008
