20534.636398128245
13241.46944608742
19012.602796829266
13612.533269380832
22006.565038377375
14102.866791542776
8314.569981564491
10319.35960303093
3315.0539113263303
8014.314105607125
11890.476308794363
8085.469452047914
16747.239805860547
5156.0601578789465
5484.006103509854
6377.082824458218
6296.035984384672
10625.374089963452
11797.299868331454
11444.990617514723
9148.887971952292
19138.26832936216
9384.433023541345
11263.674968011106
21515.184145776366
15480.586630841868
11022.423686966493
24340.63355091646
10035.097179067741
4955.015542525237
9963.856378347358
16368.293801890288
4218.444220523328
5469.374515883877
7368.078003907577
6796.117954146078
3707.9918585850933
4310.675881846527
3254.41070984185
7496.312534840046
6151.682231037838
3851.6286362611163
7082.3357060600665
6055.177591670345
3327.8622602705977
14083.7753801434
2822.2302238950433
15113.053775958055
7995.778124110248
7602.609465834741
3573.8849545464295
3519.6665713293546
3692.304698965133
5029.877317423689
4364.242250379784
15841.87204404833
14056.352632706681
4039.2957672099233
3612.7391992318885
6902.392980457334
6696.829703673224
5893.572837139342
3798.9712616268457
2797.5999451911157
1687.7507359401943
8670.399032051524
2783.04183463586
5109.005621449246
12844.311756895864
3975.7952695026943
7192.696335983236
4552.266896283653
4317.326329840418
4273.898790526827
5451.999267699877
7069.714091225094
9834.921516209472
9454.377411460437
16895.14956888515
8428.645773788337
2517.1231528605563
9251.84962867786
4788.131851080683
8449.608385008149
2838.208476603977
3020.5730943536746
4394.545629717214
11195.091024641113
3708.1524040506574
3410.906982265372
2284.0321863610707
9161.336914446494
4252.307263513931
4900.883972815517
10523.203821872248
9647.241374610672
4736.540724340216
2363.457552682792
3914.8974850349955
2641.971479785503
2233.149891968741
5827.51227283135
13198.837641752145
6284.160172343371
3510.3024126609566
3193.1251102955553
1442.979654511225
2888.986754613689
1423.7509783432401
2474.7587104604763
4492.619500543827
5746.186207535105
17836.70737398021
2600.7137667699353
8060.871858448895
6954.450852391822
1545.0269183199798
2311.182999389418
1412.6337393913068
1982.8887134683077
10636.803575166115
3157.515997056336
4749.419492422206
2560.8576554870574
2217.210708675805
5126.830711885593
14595.208275092664
6549.141318905861
10084.620773402108
6405.658198030863
9115.358912206
11675.03446097698
7064.414339844458
11723.163680011183
8374.215567840767
4107.712594822898
7993.305657652951
6270.675121016344
3548.883806447693
3868.4262627068388
14816.195741878773
4085.843342159201
5503.731737648557
4164.766151898568
17833.718012844845
6623.853265408788
10043.474301588403
4228.537663109238
5949.761137922542
6630.528859751687
10197.921866243143
14028.427679774619
5293.647990437848
3951.3699255237207
4545.083996290204
3597.2226694122414
8906.688618579485
3260.1511222641197
5200.718357913004
14370.899830212442
17238.406857315247
10381.679863586625
9503.819249298323
4074.4934063430924
12395.07764322865
3261.426990597827
4219.513959174287
11091.806796685561
10515.678953353417
13362.677536394667
9270.436624471004
12241.599385224683
13138.510369647442
12217.540319147713
14996.0323179722
3908.4000891242786
3441.20516534542
2790.486564502088
4109.484972596932
3349.923708584023
5352.008484983309
6675.747059193701
4141.119853372998
10370.492842113788
10598.996428750539
10490.980687952868
4488.318936417064
5748.959378589021
3800.7132683659966
7832.54104989775
8466.169262620098
3748.219591352673
5530.779576605815
13801.81018580534
5964.0198417957445
4999.513261141862
7072.572128653055
9661.473564368947
5308.452210547503
3963.377290897247
5269.552752843451
