0.31286234413965086
0.6316703241895262
0.22692518703241896
0.2899745635910224
0.3193571072319202
0.26713865336658354
0.17161047381546135
0.10434463840399003
0.3423581047381546
0.3335860349127182
0.0781436408977556
0.3582
0.4315700748129676
0.29682294264339154
0.10213965087281796
0.46073216957605984
0.41013167082294266
0.4395990024937656
0.27469576059850376
0.22770972568578554
0.18745985037406485
0.1349077306733167
0.23828428927680798
0.3921336658354115
0.35200399002493765
0.09000299251870324
0.3436812967581047
0.4248064837905237
0.14612518703241895
0.2612942643391521
0.1105635910224439
0.2734753117206983
0.4460294264339152
0.25887032418952616
0.2898763092269327
0.08676807980049875
0.28317805486284287
0.04514713216957606
0.5342967581047382
0.07687531172069825
0.11190423940149626
0.4660653366583541
0.20199501246882792
0.12964937655860348
0.3572124688279302
0.4065007481296758
0.15944837905236908
0.2053216957605985
0.07912568578553617
0.088828927680798
0.10564139650872818
0.08536109725685785
0.3109965087281796
0.08109226932668329
0.1542423940149626
0.08038852867830423
0.08507830423940149
0.32264588528678306
0.38108927680798005
0.07190274314214463
0.09660598503740649
0.3426912718204489
0.29835411471321693
0.22470224438902744
0.19460199501246883
0.15616059850374064
0.055974064837905235
0.11382543640897756
0.10466982543640897
0.06981246882793017
0.12612369077306734
0.4215640897755611
0.3535730673316708
0.09268079800498753
0.05653865336658354
0.4542513715710723
0.22790972568578555
0.09694563591022444
0.14436259351620948
0.09221097256857855
0.13858503740648379
0.09858902743142145
0.07519201995012469
0.27953665835411473
0.12630074812967582
0.07741895261845387
0.18587032418952618
0.18346184538653368
0.1634718204488778
0.10583042394014963
0.26841795511221944
0.37237805486284287
0.1173571072319202
0.1451700748129676
0.06089226932668329
0.29825187032418954
0.35222643391521197
0.05554164588528678
0.15087381546134662
0.2211147132169576
0.2219356608478803
0.3350324189526184
0.3160448877805486
0.27211720698254366
0.21713316708229427
0.40447032418952616
0.3915561097256858
0.3728124688279302
0.2881945137157107
0.12130074812967581
0.10699102244389028
0.21870174563591022
0.11624438902743142
0.2173780548628429
0.13974114713216956
0.2530134663341646
0.17998354114713216
0.06891670822942643
0.16756957605985037
0.25670972568578554
0.1714852867830424
0.28270423940149625
0.2848349127182045
0.35477057356608477
0.12545037406483792
0.06510473815461347
0.1291635910224439
0.17623990024937655
0.3181261845386534
0.3589431421446384
0.16125386533665836
0.49552418952618454
0.28780897755610974
0.17112369077306733
0.5787241895261845
0.32421147132169575
0.18999102244389027
0.30079650872817953
0.14892319201995013
0.16834014962593516
0.29221695760598504
0.09407082294264339
0.37006783042394015
0.526240897755611
0.6765640897755612
0.18430374064837904
0.3191945137157107
0.4664498753117207
0.4088523690773067
0.5056324189526185
0.5645152119700748
0.19388179551122195
0.27336259351620945
0.5236558603491271
0.2315281795511222
0.5139316708229427
0.5977576059850374
0.6237830423940149
0.27105187032418954
0.284414463840399
0.13700349127182046
0.5163665835411472
0.06730024937655861
0.4980912718204489
0.3943596009975062
0.26268279301745634
0.20079800498753117
0.3595077306733167
0.21304089775561097
0.3399945137157107
0.2713700748129676
0.26348728179551123
0.1270154613466334
0.1946922693266833
0.3878159600997506
0.34671172069825434
0.2958523690773067
0.20695112219451373
0.15207730673316708
0.23782394014962593
0.5859895261845387
0.21140947630922693
0.22628329177057357
0.13001795511221945
0.2781586034912718
0.08326733167082294
0.2898778054862843
0.41537605985037407
0.5053246882793018
0.33701795511221944
0.22259650872817954
0.1397635910224439
0.18708179551122195
0.24304738154613467
0.559339650872818
0.25332518703241896
0.4643715710723192
0.3702374064837905
0.22983192019950124
0.17172967581047383
0.1463356608478803
0.38619401496259353
0.3659356608478803
0.36783341645885287
0.2298493765586035
0.2766917705735661
0.2361790523690773
0.30094463840399005
0.404084289276808
0.3075216957605985
0.1771576059850374
0.22957406483790524
0.1686
0.2911775561097257
0.1842299251870324
0.2695296758104738
0.19805236907730672
0.14268678304239402
0.11107680798004987
0.22491571072319202
0.24667980049875313
0.14524538653366584
0.16797655860349128
0.19206882793017457
0.24498653366583542
0.2541356608478803
0.2075650872817955
0.26380349127182046
0.247571072319202
0.34692319201995014
0.15069925187032418
0.3464997506234414
0.19980548628428926
0.3213870324189526
0.31146034912718207
0.25211670822942644
0.21965985037406482
0.37383042394014965
0.3467371571072319
0.5962413965087282
0.2821381546134663
0.20136658354114714
0.1857087281795511
0.19319052369077308
0.3775411471321696
0.19088428927680798
0.15389526184538654
0.23514613466334164
0.39791820448877807
0.3303416458852868
0.20404389027431422
