20453.385612574428
27486.78315033124
18984.016779341862
22479.05690351948
11663.367104742953
12033.808424254836
8063.599341691856
9397.515845424257
5928.853933940353
7156.083468397128
11298.977191837617
6288.42020926825
11182.19090689894
5154.373627318842
7770.434268966783
4671.8179020591115
4325.286956954417
7566.153045636865
3978.7340654199716
3381.0168628190345
9419.64634394519
4355.254275202157
4377.074443811376
4456.028806385046
6418.618126590801
12857.849272655725
4154.700085445398
5763.0047856999045
8306.92242269462
3827.8756521513774
7376.110004715675
7364.804516075087
4539.428009121854
11107.816656676205
3552.8732119229926
4122.674695105918
8431.822969658855
9112.007620259472
2798.830768374537
8350.449088322535
9060.24083004052
10727.502510292568
9825.748090094718
6032.774404865477
9092.047043524724
5857.701113776064
11639.89363131525
4513.201540296349
6932.2679863807925
4574.043637381116
8907.204961995654
5712.406940598683
3022.844836408247
5804.337261766698
8074.671324786746
7270.2507503753495
5021.049115473777
6362.235201300457
5097.648215762507
5719.049196471969
4863.458083503959
2999.769648378577
4070.704567188994
8535.521470205165
7262.733088629009
2481.0214516068445
5176.577615729013
5373.27339834233
12895.733810062924
14701.612256427297
9963.452682596197
3234.002132806965
4736.4600848101745
2492.4286913905216
17093.467734586022
6361.528610195299
10084.227872937687
6253.644780979063
4777.354335996721
3587.300688540062
3576.9292968969908
4926.581180020617
7627.147498573762
3582.919191571774
6451.233403001321
7296.759986345538
3559.6316520580235
4961.137060862829
12522.282819238671
5261.19488075982
3172.0999745174067
3768.334980907793
5851.961554470433
4742.690173835942
2931.826307099382
5447.415040793814
3850.491316918747
5885.915693557517
5044.566746675741
2644.5739152712927
7776.517169658921
3926.607790871573
2182.597715261946
7622.413510933835
6204.76451809414
8948.29571948387
4034.691124278702
5598.21695587086
5452.70208673339
8383.176222252121
3972.0929071880146
6660.676032130672
6646.89603536869
4694.468517840971
5496.965870975248
6325.929969972794
4535.619664389862
3054.674737731226
5034.123009025504
4030.730249181489
7210.529562498629
4114.765838821613
3356.7256642448456
7368.793980586874
3737.5552675958297
3909.369006843261
3844.6737889362385
6037.4348857772375
8808.769564189995
4656.621917227122
6017.985383138337
7905.870733301088
10855.499978428754
5880.4714429768865
7194.601741583755
9919.943253785948
3855.2679636656476
3743.154382781097
3989.6382085347036
11321.36731693659
5828.167935981255
5671.976183982675
6512.104227129661
4854.378188295593
8781.397545000074
10216.611302840749
13215.847892713253
4846.119728538837
4786.786104127347
4782.325877297224
10535.540167056773
8148.377120936414
4197.956543962789
7045.290457343355
14205.708169019008
3888.8719707647874
4670.230223804104
3315.091337102695
5312.280020700465
4902.752945879829
13245.765967973817
6603.880299364408
7219.875182323676
8661.113764695625
6049.59846794259
8836.474295026646
5601.678610767788
4210.828600168855
9398.251245488882
8775.027048296395
5665.727937932307
4988.172450741186
4497.504356677527
3929.03009660145
4411.891715768495
3725.90073472174
3962.4462869125014
10229.299089950722
9109.175571916485
6728.887135081601
6934.104281616576
6415.34272285329
8371.231548384423
7178.052837875557
4789.03217814762
4296.539017434072
4740.691139661671
9234.15329397702
5025.233384630012
6881.754925525901
13989.259998000847
8065.321213173514
6775.5358152203235
3842.6621028483196
9470.93578155471
9058.500676896445
11254.023534126214
12527.759604441118
3902.689495933115
2708.906248531561
3836.6861994869137
