21381.12260792216
21704.527398525253
15300.775099103095
17339.234152349407
20371.392700099488
13945.820172426815
18543.163846370266
2865.4587099334262
3657.2378149362944
6447.309483549449
6058.992691583863
8128.420573621094
6377.896270453657
12923.590596914879
5942.145107899447
4734.872143645134
9265.215413847645
7938.406071645198
4098.443142218763
4119.734594202237
5901.089671125721
8842.962268191959
7701.103975296875
3410.18930877256
8569.251204257387
7583.255389233132
3816.252213887337
15062.672252016462
6125.589291379783
2735.9626617822596
4552.987028680549
8153.193455123377
6067.80474142008
4196.13541706334
7467.932647660931
3145.0141006573144
7458.955016175747
2981.7102483306458
5910.381702140735
4032.886720038968
6026.285746903588
4569.026579042849
6564.40785562567
4405.930903717549
3599.6741898862647
5387.355081422918
14381.619166723429
5625.973628182059
11062.466203488864
4011.266858487478
5054.241807135863
3366.2433725643386
5202.682289454162
3496.5062014340356
7517.911268652573
3719.8743753429812
11757.33444592495
4555.613900452935
3629.615258765957
6303.383789151137
7599.475046453319
8910.933825550122
11860.251441123273
13920.022673832109
19924.72590974173
19951.60572510393
12096.015093685468
20271.16511443451
15145.618103761894
5925.620713478041
10499.845362829557
3037.4496528063364
4815.254988748433
1938.01286287441
11888.480472429323
4599.801185196306
7704.54061793001
10592.77638629269
2451.4287014582605
13877.608931596731
17240.29371187355
12606.608583331734
5621.343138728798
9265.596930131736
13468.913269327511
11810.94031205814
12236.51657539841
7980.375278247676
8370.13882919513
15120.491612102653
11026.50009386478
3055.084337624741
2636.9259239374423
2089.9689898018423
11800.094858728891
6528.862034331353
2086.4725471474576
4756.752672254466
5492.4892221105
1517.693748202625
3943.2070107971763
6340.364764086265
2246.2683128543067
12047.291930277665
5677.954431982232
3798.9258878881365
3705.803570077616
2413.1328050896827
9384.877188860812
1910.6887972665775
6172.801116997048
5464.873031004472
1638.779115174871
7112.5175001542175
4111.614872326119
1531.5589443439649
5373.26601891252
1995.8437280174685
1893.3849388506994
6886.907751548102
7495.824412297823
908.4179352038356
2837.369750020842
5752.13498928876
7371.248639025368
12428.70798903356
6471.777079107922
2482.1165759622704
3600.6072860468043
9246.349916588708
9765.73872679379
1671.920663488552
1951.1028757261024
3135.24754870595
13086.330065886821
2602.151960397394
3026.8468923947908
14583.947980456685
5774.43974280911
1804.0112065431672
3348.149574018461
1713.6143294218803
3346.277672031019
2612.784448948414
2371.5840153084746
3382.7574385896096
7247.842539450389
8654.9924230662
10498.57650184062
7619.485321419901
4335.007765660095
1649.4431322924313
2972.612212908595
11581.00481722837
8490.217765758427
4986.448215580572
7032.866216794781
3946.5486656064436
9908.395801709445
4771.748207767603
6846.15823692383
15285.885750532527
7735.282208491168
6251.153443298818
3288.863695614845
1734.6514155107168
1598.0423888829316
1493.01880262775
3822.1712657859803
8534.995615308384
10855.055565956352
1462.1178423779666
5292.542732625469
2465.4152817865524
15237.111899405347
11572.530440227842
9811.641345955664
1906.866957428686
5899.399973584885
5938.020894765079
6185.742888422269
10751.018538414552
1571.3535831674974
1303.4735101514977
1030.1787903077795
12035.02320313509
2883.1609638265663
4900.095229856933
1872.2858991973778
967.5215044983066
15982.630587505508
1920.6488031391893
3056.696528389213
11029.689868788999
1122.9748023293607
9994.260027302338
3759.0303222152033
2401.4776905758117
1578.4112054003335
2726.903360346066
4926.247075952782
