52362.651704498945
54238.9053713599
52372.32216522706
53354.730673499485
51683.597552076426
51003.76622422113
51871.018695124934
52070.93875616546
49054.00535326686
48497.843865853116
47806.573858762706
48788.003919269606
48352.49780209567
47769.639990182746
46158.859890852305
46148.41713836637
46358.6716081792
47044.07253018174
43158.29461779817
41560.28737180082
42389.978543401034
46441.13517491794
46382.242028550114
45041.714516453154
43890.313317234366
44601.866504086276
44417.64869371558
44859.8897522423
45350.07255865199
41786.804194147226
43597.64807723768
44858.30064978684
43474.06021182823
44635.16798663359
46535.04239758464
43228.33905641838
43651.37822932971
45747.68889736399
42380.00221908914
45373.70550992796
42769.90130157734
34250.95289255955
38983.29849685632
27453.316652334255
30957.551138534847
28448.748331341398
29707.775170062803
27876.724280033333
34929.009287672816
27240.53216905524
31415.427721185017
24790.14799875144
19915.484934049015
24217.88368124542
19553.643160504216
25832.585670556997
20917.596050853135
26149.70430476541
10193.87375526759
20223.00833081798
14368.601848881008
14308.134658181922
14406.136505033772
21535.73385526948
20169.601039807407
16692.975578368285
9992.158630562933
15688.31675663985
9881.436518796243
9934.420579899632
15409.248192022003
20448.3584265339
11749.757907435087
26786.628521490595
21757.50431958286
11364.510785115213
20881.515910887952
16113.611259532525
17878.597493138735
16210.140330978014
15740.757243220545
26967.824814922194
16473.81564878034
18989.08389198033
12050.60145628978
28291.450455187576
22376.041202850578
13966.656781360862
26889.996318550635
12280.645462949686
7546.77289298766
6776.606334294475
18844.634670289226
5743.88274181034
9579.734606623157
5138.814337957736
7978.815044645832
7022.936267331493
19316.064189425342
30862.28183646396
13008.839772951827
16809.023150131798
10023.814796523327
5084.521154936815
17250.982943395815
14053.639451816982
11827.2092161817
6089.980798409795
6734.690095814853
14657.576970916214
6235.823524737263
15197.524834217798
16196.342377833336
7496.807832337708
16575.767355640986
15979.979189650614
15865.723578782448
19232.5693733746
16718.849308639637
13988.00435641196
20963.28084238406
22622.742591435137
6426.397284119099
10879.016697064124
8225.83642150349
15226.724065547825
6269.781126163815
13681.846577186381
8137.486847403606
5587.64126547747
5809.339930089591
9848.67996230967
7167.123851773923
7238.288870191168
5511.770926087791
10173.406425168841
6885.007392758074
10374.5598888981
5834.597004221171
17320.895759361487
12935.803003228417
9031.617322034115
16153.423655993178
9808.850698986096
6718.98769061729
10581.943229152195
7126.494524776306
15166.82304269201
24747.515124250356
8188.570749119369
11057.385320605108
7356.719595829833
9162.146418552806
8925.634104364799
16321.619028505313
11437.280575308683
15408.372827027086
7869.795484212619
5459.719832250247
12011.951799006965
11178.117719753476
9904.308252052067
5818.672097366088
11032.770021470886
10311.86660576057
6602.970994181332
12946.539782055024
5199.4932212989115
5181.059249162601
6203.75301262604
6072.5831344659255
21270.1617916586
6078.468516685213
8122.070671940746
15616.830244483033
7064.062537473273
5568.883701425269
12071.353301722222
13413.753532227038
6219.948797216904
5704.331952852441
11504.78293624004
7196.951228471678
6544.546064344977
15253.052687631636
10377.012337373413
10544.693592592754
6302.386126962814
7932.649067934368
12549.292533645075
5589.1868177162705
11185.975352049845
12907.37254976137
6211.972554940446
10227.626658712177
5929.4507003881345
6993.4200899845855
6878.0243820446
6452.595694111531
11042.268189250493
8914.117546902778
