53117.838082496666
51773.46783111984
50754.34374302361
50566.27677396929
51132.318344744876
50000.09506434296
50159.373280541164
49922.18716021966
50058.031654737155
51429.7606043427
51252.61440006419
51412.67330112618
51918.105636039916
49538.01011104167
50195.77940132683
51520.21883618443
50425.98876736744
50871.56003390631
50612.88214550719
48434.66352639399
45827.84542868015
47159.417764624
45963.11771067102
44937.81363588279
41268.09240066713
42496.48531506263
38522.22472002364
39008.836214525385
35871.31478514553
36334.22280967812
33274.69673495663
26978.572416116956
39161.020376602384
31688.075610603642
30058.11804402154
23060.652412966698
25439.579728774348
29999.857646162254
21754.91759576058
18522.93223304561
17774.277240251806
7783.868100008718
6963.657890194396
10978.471262505846
23441.297585777967
10367.213736100939
11159.929016799346
7369.3152265548615
7918.102587215366
13296.305393604645
11322.30369484644
5991.160315831984
16315.790416495303
6370.816583453019
5971.400737403802
9161.481656005939
12137.538737322326
8455.40167269815
9753.759834716731
6789.484382975386
5319.795376077292
8692.07085969736
5568.650815802095
11117.264423933915
6075.433980520788
7942.458497216086
6516.1273382534
5644.185154061952
6819.122729867824
9624.606132720446
6215.524758350391
15483.277059244705
10720.926378894068
15137.816790904824
29143.151109137118
6995.91256544372
13875.679482641563
18293.008984627617
6895.692893756218
8458.10810770746
10794.540155328526
5687.643722286643
9456.277556558218
4964.986440397731
5505.673738668745
13530.187177567059
4979.237207645364
6397.936855867419
6815.249214567774
5536.085008228589
8251.855905188844
12739.026609923278
6618.84534895123
8660.789660591003
4995.6074360381845
11317.730005026038
7721.702559237395
19929.81219981764
5936.379555054298
9340.995679084039
5831.66330775363
10600.362415030913
5582.777869334704
6269.858816858106
6942.811150391461
8739.306488312826
5221.792536412505
8961.719460944238
14638.902007949002
8923.525472778869
13073.315405563095
6246.970623830402
16692.113076190602
12967.914585879515
6100.817145814704
12563.216326177519
13192.291718588296
15725.32106577372
11123.708952952698
24280.168105403773
9544.264648904773
12278.73041231598
15105.956363247356
6094.774800734369
3503.119949654403
3175.358684988726
2773.5843124616445
4730.463131660577
8763.101757083505
3362.069341194497
2831.2998033883073
7790.763767650341
5049.998149504611
3441.3758404161554
2896.800390948607
5006.249556803976
3603.978165398157
7900.790750509302
2436.4609741043123
8525.621464053711
5634.865719488502
10184.893258890837
2737.2069246466067
1667.4472640336585
4278.245773289173
2681.406688661755
15133.627152195428
14575.8151357537
4345.697198570865
6054.219579075958
3143.2357998300627
4212.492206125332
12862.838540345596
7758.487557507585
8215.71926421134
1634.2569810161438
1720.4700263784507
8562.917646359409
3055.4530826049354
5740.798877624379
3513.593202596643
7374.8094760701
5941.054221965436
5512.738559917385
2477.096307507374
10280.275905911605
9337.1717504999
6034.509498708242
13831.204389591916
8499.239372732127
12139.03618105655
7811.894988413503
10487.112048446259
12740.33593931756
5758.7824113840825
4820.47730918146
6864.090326353037
2511.365260172244
2783.0624355195487
12611.722170266834
4333.464497950802
11688.6158165399
5102.091922600637
3201.902091986366
1917.7101714457967
6737.546458590595
3343.5972230518437
3042.8589596518163
3825.3294028096457
5577.343342189601
3326.816365285787
4467.116440352397
3802.874806423863
2894.622216283154
4889.004212686534
10273.58632789284
23578.17004430864
9389.407854776218
11863.278544033827
9707.264640120478
3392.550781491708
53045.65559300467
53217.619445693614
52980.86072944958
54036.953394567565
52503.34523396263
52307.79739879451
52695.75352307812
54085.363071090374
51520.67135891509
50897.95187634436
48956.421560795614
48319.363281159516
47560.35034085641
47745.78415228581
49074.632644218545
46725.41889594642
47325.14842836382
44881.875334964934
47991.814346667496
45887.1826600123
47867.40617267662
43463.91047363319
45079.91896964767
47578.58600778296
46021.52492660364
43004.18396082719
39864.244007046385
41830.28651270513
40056.1975491309
34401.53354563814
32885.1008799071
40177.84751196858
36768.177631161794
29248.513917120647
29144.98262648879
32694.72005510472
35583.212225734576
26080.54023641637
14492.605259177293
18984.143840496643
14532.620157253132
19133.65933562283
19609.63812461447
3477.6009841556006
9636.682242867615
10871.978463539499
3526.626437073633
18825.836608103236
23126.631064784742
11050.336443520622
7449.437166323372
4319.281994344276
10331.730280790338
3456.973505587414
7546.465621512277
3362.680744336776
4024.6405990680296
11324.545900829755
4735.129639020809
11027.525289701221
3848.860047685115
4670.8339235800995
7611.080176514588
4761.2415294402645
4356.9241813080325
4395.200665498675
5799.463815733313
7727.962160125614
4510.934986230682
8944.618741828333
3496.078571533159
4733.081775298909
4152.17728828302
20502.78534650841
12251.218560208612
7231.144218356226
6502.172710333062
3496.1243058087434
4829.02983027302
6634.907464062077
13315.761787946394
9177.601874854528
3373.1683886715964
5287.666447025569
6737.373618480721
17643.470944138706
6845.064565436911
15459.505740428229
10101.602881803792
4038.081423357715
9795.817710210142
11724.060877528742
9240.243834084322
6137.04454807035
4178.2436070674485
10270.788983650022
5631.244003326441
