52509.24945896041
51680.15640099851
50513.15167828408
49775.78322090975
49511.07800221751
48775.3351762104
50137.625908609465
50158.10402768098
50452.34403099292
50086.62695492347
47557.11977981496
46461.288836047876
47906.75487244292
47532.64321391844
43441.61086794166
46862.73303653271
44815.85174334709
45449.587916173674
45688.489879454326
43101.60791200254
44167.89142688008
41804.47441552558
43512.97093497907
41522.75829953577
38280.55785447751
40120.84970018706
34707.786584257046
36534.25895138242
33604.242344853825
35464.1907528801
39789.92774541065
38656.09284338844
40467.20770735238
33605.28532969182
26929.230526913812
27463.6736224417
26097.42564899841
14290.250349859749
18532.16282444299
10586.774762724795
18298.606940921305
4946.928669386693
6179.450388856062
10735.212826177847
14747.626999340155
6384.36519123084
9842.42290986659
7358.147785505082
11054.330405320803
6235.024184262106
6872.229067170759
5658.4108222480045
14364.027279051421
16371.381069924026
19745.437643204234
12915.898999230885
12199.996891939496
15586.141960836023
5254.52093407826
9802.312399293003
7904.207896220005
15194.486485893494
6052.651783309527
5732.100610887193
12031.823000485005
9132.899218849767
7274.135822556519
13542.33953803158
5270.31248488487
6763.6026845905135
13032.56029661862
7428.847557887652
12723.272478284298
13479.238734871738
15207.466156464068
12008.378921680756
5673.596805525281
6872.614259023515
9101.334261341392
11254.219569417804
13845.8671791742
9448.880039718993
5895.238152950227
9870.285183823213
13008.979740740624
7185.9430024875655
8950.02902769967
5612.011883896897
12543.785919065
6508.286842300873
7265.452450811305
7370.296924593112
23420.255982838164
8786.857689849465
7052.680797989749
14863.46279864375
7012.449847473658
5251.139242583461
7380.252616724354
5843.848129728675
10913.669294284118
10193.283190415148
14734.467325571473
4901.71645463777
5864.7525173701915
5154.2452198810515
6272.152152172331
6107.307932032465
5213.3612671353085
13110.756905495578
9249.477025396265
13171.306650822462
5341.95246702926
5199.9974333327
13095.967194013074
14704.917868069399
12328.508147987737
22553.314857687772
19660.44901678664
7065.784814159005
18067.135261343086
4866.6607287064235
6964.233172790814
19054.494979006922
9685.241688345555
3826.691595011719
5593.700183837767
4169.727234684143
10015.378804951248
4458.615257005251
9941.819220092468
12084.471181161936
5042.131131277726
13761.21540520071
10339.269788529557
20022.757139689827
9474.23647750396
7267.550336942979
7569.0206349082355
9495.034231375894
6121.136491834394
8787.602419128136
9400.790805831177
15955.592784141032
3803.1458397402184
15181.910023994566
4914.817627677891
5559.750966245401
3473.9409148688756
15547.70599574098
5557.30614341757
16615.921614423518
14523.892043112963
5883.132442556998
5827.018877751012
11249.563445900172
11819.839427843342
4344.391005844969
2722.007712149251
7906.39539276064
11743.35858872296
10618.655421160127
16278.871552977293
9675.2950350364
16266.780021155591
8968.313587756247
4707.972910747611
12236.290185618624
3955.2616944605156
10300.057938833806
4393.612120264297
3865.00604419536
9510.382791805316
4020.9724891291326
6856.231764606561
7325.461795227202
5203.57829510937
4738.36542069098
11645.974326421414
8170.071604949372
11412.56875846392
3083.1497530934175
5796.849766180479
4230.779410069339
3171.1830526371914
4299.210216229643
4877.703963444276
6551.287523838349
5177.473227679052
10794.255927729959
11440.047467558865
17593.977495249143
5249.4503839290965
8681.259334048258
6430.795135517847
7168.837358781873
6928.981691658113
9869.747313550299
4040.8912022390973
3960.5198385649664
6578.7228374257165
