1.142780548628429
1.2111172069825435
1.2407256857855362
1.193703740648379
1.2116204488778055
1.2214134663341647
1.2365192019950124
1.2403600997506234
1.228279301745636
1.1956618453865338
1.2518199501246883
1.2154209476309228
1.1852354114713217
1.2129835411471321
1.196850374064838
1.2142992518703242
1.2297960099750624
1.2435087281795512
1.2202468827930175
1.1897416458852867
1.1961406483790524
1.183421945137157
1.198240897755611
1.2099955112219452
1.1630892768079801
1.152847880299252
1.1802753117206983
1.1477127182044888
1.1660154613466334
1.1618064837905238
1.2224628428927682
1.1327251870324189
1.1589192019950125
1.1316284289276808
1.1129152119700747
1.0893620947630922
1.085059850374065
1.0867092269326684
1.0936603491271821
1.003460349127182
0.9952364089775562
0.9971680798004987
1.0228583541147132
0.9788618453865336
0.940216957605985
0.9313496259351621
0.9132613466334164
0.9403142144638404
0.84805536159601
0.8788528678304239
0.8642733167082294
0.7098917705735661
0.7969815461346633
0.6557391521197008
0.6639850374064837
0.8729426433915212
0.7781132169576059
0.7479810473815461
0.7083396508728179
0.6697147132169576
0.6083411471321696
0.4152907730673317
0.462113216957606
0.3946912718204489
0.48244339152119703
0.5516847880299252
0.6176154613466334
0.34853316708229426
0.5314628428927681
0.1675441396508728
0.43867082294264337
0.24601197007481296
0.4787511221945137
0.27539002493765585
0.35815461346633415
0.3214872817955112
0.32439600997506235
0.3169087281795511
0.4853725685785536
0.29901496259351623
0.4319690773067332
0.3087316708229426
0.20446184538653367
0.11889725685785536
0.07582593516209477
0.09899002493765587
0.1593935162094763
0.14746184538653367
0.21596408977556109
0.28931770573566085
0.23639650872817955
0.21375361596009976
0.2805511221945137
0.08488977556109725
0.2477700748129676
0.24705885286783041
0.31413366583541147
0.5032832917705735
0.25424638403990024
0.18252319201995013
0.10108528678304239
0.124857855361596
0.17366583541147132
0.17488678304239402
0.15378354114713216
0.13070972568578554
0.20179800498753117
0.29425486284289276
0.16210074812967581
0.09657007481296759
0.18698204488778056
0.21267630922693267
0.17859152119700747
0.2657645885286783
0.1044428927680798
0.15261147132169575
0.1827850374064838
0.14294713216957605
0.10947481296758105
0.15626683291770574
0.12514663341645885
0.10777406483790523
0.2079431421446384
0.12099251870324189
0.19076608478802992
0.07078453865336658
0.08196658354114714
0.22268029925187033
0.10972718204488778
0.10948079800498753
0.16377306733167082
0.11511271820448878
0.14886633416458853
0.1301211970074813
0.3019411471321696
0.07178154613466334
0.08599451371571072
0.14953416458852867
0.14364488778054862
0.11499600997506235
0.1021077306733167
0.08103790523690774
0.1152069825436409
0.42325286783042393
0.08472917705735661
0.2231850374064838
0.24407331670822943
0.06372967581047381
0.37083192019950123
0.2472418952618454
0.11285386533665835
0.1010997506234414
0.062053366583541145
0.14946384039900248
0.030731172069825438
0.19670374064837906
0.11093915211970075
0.12388229426433915
0.3252967581047382
0.20857655860349128
0.06189376558603491
0.03587780548628429
0.07315411471321696
0.13220249376558604
0.15287431421446385
0.12149476309226932
0.3423466334164589
0.05000798004987531
0.12003990024937655
0.16966184538653367
0.1949361596009975
0.5258294264339152
0.09146832917705736
0.13272568578553615
0.26546832917705737
0.178857855361596
0.12770972568578554
0.25771620947630924
0.2546304239401496
0.22462493765586036
0.30774463840399
0.339715710723192
0.1835431421446384
0.22238204488778054
0.35089925187032417
0.2292583541147132
0.12407880299251871
0.23349526184538652
0.18949077306733167
0.14584139650872818
0.10408428927680798
0.20443990024937655
0.17869077306733167
0.15949725685785537
0.10652119700748129
0.2087865336658354
0.191214463840399
0.6132493765586035
0.1155785536159601
0.09671620947630923
0.2169077306733167
0.08132119700748129
0.08054563591022444
0.05676758104738155
0.0889356608478803
0.2872917705735661
0.26714563591022444
0.23341645885286783
0.07988728179551122
0.12545586034912717
0.19466334164588528
0.07859401496259352
0.1027286783042394
0.12203740648379052
0.14481945137157107
0.26498902743142144
0.10810423940149626
0.1473850374064838
0.1052793017456359
0.04849226932668329
0.07395610972568578
0.07965735660847881
0.1450364089775561
0.15901496259351622
0.06912668329177057
0.09171620947630922
0.07775361596009975
0.09240997506234414
0.17911172069825437
0.06596159600997506
0.3206379052369077
0.05161596009975063
0.4193890274314214
0.12831920199501246
0.07905187032418953
0.25275162094763093
0.15518104738154614
0.042913216957605985
0.23796957605985036
0.20136907730673317
0.06323142144638404
0.07689177057356608
0.10783640897755611
0.03688528678304239
0.09753715710723192
0.35558154613466336
0.38777655860349125
0.08402593516209476
0.15410324189526184
0.2687815461346633
0.05060798004987531
0.3217017456359102
0.16612319201995013
0.07818154613466334
0.23905635910224438
0.3838778054862843
0.3292379052369077
0.2860064837905237
0.35683940149625937
0.04389576059850374
0.10804438902743142
0.24175261845386534
0.07881496259351621
0.29885486284289275
0.15886832917705734
0.3452493765586035
0.16426284289276807
0.1540154613466334
0.08510473815461346
0.11465586034912718
0.15659551122194515
0.09092568578553616
0.07134314214463841
0.29346832917705734
0.10058603491271821
0.15909625935162094
0.062238403990024935
0.15510224438902742
0.22602443890274315
0.2972009975062344
0.04338453865336658
0.14638703241895262
0.4869072319201995
0.03613167082294264
0.11601845386533666
0.13518354114713216
0.032219451371571076
0.1286413965087282
0.039584039900249376
0.06914064837905237
0.34101097256857854
0.1866997506234414
0.32505486284289276
0.1934498753117207
0.19296957605985038
0.22333815461346634
0.1563715710723192
0.23814812967581048
0.18206034912718205
0.09579551122194514
0.3987356608478803
0.10717107231920199
0.24780748129675811
0.1587491271820449
0.0982573566084788
0.04109675810473815
0.19583740648379053
0.036472319201995014
0.25679700748129675
0.25470523690773067
0.13974364089775562
0.173915710723192
0.12766034912718205
0.11819551122194513
0.15660149625935163
0.1556997506234414
0.13420897755610972
0.10355361596009975
0.1354428927680798
0.018458852867830423
0.2050059850374065
0.05619800498753117
0.21597605985037407
0.10159152119700748
0.09567630922693267
0.24664688279301747
0.34046633416458855
0.24462643391521197
0.290503740648379
0.08284837905236908
0.15372568578553616
0.3213172069825436
0.15079501246882793
0.29369675810473816
0.09735112219451371
0.14640249376558603
0.35678753117206985
0.17259600997506233
0.11732269326683292
0.32126683291770575
0.04103441396508728
0.05051221945137157
0.14771870324189526
0.3649610972568579
0.09845236907730673
0.154
0.01641845386533666
0.04360299251870324
0.1489640897755611
0.3234284289276808
0.08793216957605986
0.02818503740648379
0.054123690773067334
0.03925386533665835
0.2225650872817955
0.09958403990024937
0.027328179551122194
0.08541995012468828
0.20165137157107232
0.1261705735660848
0.08568179551122194
0.13759650872817955
0.31534364089775563
0.2488778054862843
0.23231172069825437
0.36536658354114715
0.0569147132169576
0.07088229426433915
0.2725660847880299
0.155069825436409
0.29561147132169574
0.31231072319201997
0.17740598503740648
0.21360199501246882
0.1849436408977556
0.318
0.18996259351620948
0.2858423940149626
0.4853890274314214
0.39948079800498754
0.306188029925187
0.1948713216957606
0.2778827930174564
0.05804788029925187
0.09268428927680798
0.3227805486284289
0.0571286783042394
0.08058603491271821
0.028381047381546134
0.09456059850374064
0.040261845386533664
0.7209950124688279
0.44141695760598504
0.03993865336658354
0.31499800498753117
0.06333117206982544
0.05493715710723192
0.30769875311720696
0.35762394014962595
0.040685286783042396
0.2712423940149626
0.17142643391521198
0.16927431421446384
0.08918354114713217
0.032699251870324186
0.10244937655860349
0.08315760598503741
0.06509177057356609
0.07928628428927681
0.30211620947630924
0.19416608478802994
0.3716483790523691
0.07302394014962593
0.051437406483790526
0.09964638403990025
0.5840079800498753
0.34578852867830423
0.27699551122194516
0.034242394014962596
0.019000997506234414
0.12987531172069824
0.0995715710723192
0.43824688279301743
0.11513715710723192
0.14168428927680798
0.15546932668329178
0.36309825436408977
0.3050802992518703
0.1349361596009975
0.5406403990024937
0.07876309226932668
0.09362294264339152
0.04517206982543641
0.13634114713216958
0.23884139650872818
0.1140428927680798
0.057802992518703245
0.03965586034912718
0.043473815461346633
0.05663441396508728
0.05880997506234414
0.08273466334164589
0.14157506234413966
0.0233501246882793
0.12942394014962594
0.1320783042394015
0.1920054862842893
0.21628329177057357
0.15464887780548628
0.0696004987531172
0.06033266832917706
0.1337067331670823
0.1691925187032419
0.09835361596009976
0.18193915211970074
0.0972718204488778
0.13684089775561098
0.13726234413965088
0.06166284289276808
0.16870872817955113
0.2874488778054863
0.1145356608478803
0.09269576059850373
0.07950074812967581
0.08544688279301746
0.18834563591022443
0.1114568578553616
0.1864493765586035
0.2084718204488778
0.20550473815461345
0.22099600997506236
0.26973216957605983
0.5609371571072319
0.12057007481296758
0.1418299251870324
0.6088643391521197
0.12058852867830423
0.05493067331670823
0.11197705735660848
0.1396503740648379
0.21931321695760597
0.180028927680798
0.08260498753117207
0.12573765586034913
0.14469027431421447
0.14830124688279303
0.11717256857855361
0.08545037406483791
0.26264638403990026
0.04999650872817955
0.17691770573566085
0.24877356608478804
0.04679700748129676
0.08723341645885287
0.05160199501246883
0.022549127182044888
0.0948423940149626
0.05784887780548628
0.24436059850374064
0.02720498753117207
0.11326533665835412
