20098.73541415811
19645.95443363171
14466.882229192763
9718.873960924348
13493.508129158507
1721.9429060415061
6512.841207312417
5664.253899087976
4175.130236691226
3340.9457308772116
2044.083487776368
7661.142307667528
3274.4235314530306
2381.3728176551163
7234.906481542568
3076.46989746365
12669.147991610698
19011.516015475114
5089.423842473068
3307.3273378968706
11684.388057147024
4614.955515314675
1932.8902176102329
2233.18852913646
8082.6572985002895
5333.950869664999
2122.3887520904364
5302.868683709476
7895.434611533427
3161.52906940086
5032.388706668038
1917.946434775139
5820.702298548977
1866.3935486207974
4032.116496952934
1475.8590216096748
5192.279007494365
3042.62212655466
9678.385098765186
10454.232356642293
3466.48363691508
3008.896118457177
6925.767564080293
2040.2483202623482
4651.519705071309
16273.87042654574
1933.8053620603428
1674.8298311569847
4108.478701011686
5321.504534433848
6848.607489482807
7580.625751655774
9965.746885708066
7593.019107487263
6348.648487276642
5968.436173460069
778.7003734856345
3435.4202380009738
1502.6513639785735
1049.3239204363922
5373.43265644349
754.0671079773559
4530.200070821008
4059.3419181356644
2919.2134539974977
1331.4595594058926
970.7901146317193
1787.7780967819617
4180.597446737328
2095.9861604982034
9372.560242715612
4797.773863296741
5962.631416720865
6772.309914645077
8275.749948796181
12059.594819340602
2397.3384599731985
1779.090002407598
1356.0798532289068
3223.2766258369243
1791.7472240804505
4659.4652498972455
3675.4500493136893
2673.7778603815736
4894.368993036795
3817.891906755175
5593.287074699457
3785.419092385941
3241.375345178854
5566.372271506821
3313.7950980207975
2549.1187840114476
5498.6809425837155
4355.198591338862
5150.090165877357
3889.209213966253
1753.591081181699
1593.1185303255584
1852.2102737900289
1774.7686675545444
2831.3620947640497
7593.4270449294945
1258.3084525133997
3947.8550760719
3826.6708041499123
18771.839092241335
1627.4505589008431
1227.8347296494483
3568.4770185145744
2286.320316578585
2660.887468809357
1393.6458947666729
4764.908071341286
5610.564807129493
9257.053579568394
1972.5042289773003
10419.32899007097
687.7239756375131
3982.010547658892
9084.348790272936
1933.0179883625847
2742.4932169469444
819.9604390863419
1535.346954817271
2973.9706535763485
3454.3932395332954
12425.99376931278
1288.2096238578565
3581.187536977085
5534.8162239891335
6313.696074540385
7977.83087603809
2243.9498928600583
2089.3740438226946
2042.0979175837774
1654.252267138641
1970.825754601355
11439.514038920826
3958.420417919249
1403.8326959909907
4288.794134136075
6685.546226624519
3839.3152913855183
10755.993539262967
1867.2534187945673
2354.7967003544063
3095.630471864065
1693.0565047668472
1483.2175891172094
3104.1186030283484
4255.650392321562
2533.822629940778
3568.6884715069577
3978.9222604871284
1665.498602521179
2687.234717449644
2029.158476643294
6851.55735034014
1879.4721524052086
2348.5336609609553
7915.612335547179
2272.185167410438
2227.6494787106876
15333.556051299169
4428.777085343839
8664.78850761325
12322.286128528802
9607.53705604789
7461.689077548059
15872.200816049424
7520.89773752664
5619.42787835203
13511.928397654177
4802.408910987624
9383.53244235169
4563.455567878359
9058.591233740488
1381.9695335522658
1764.531793895102
5120.349780858075
1788.7962833518336
7418.315322901824
985.4714565458843
8832.606304955143
2510.4937552202755
1236.8219004098098
4575.91988857614
1676.787075530661
3495.713452692216
5815.483966102907
1391.1388110705082
2517.390193897905
1765.9697963630824
2889.1910935415817
1267.5990809400266
7194.4685583208075
10014.828060514403
10298.246720275576
7789.8026452322065
1530.6816047107905
1791.5877176404174
