19231.91912719581
22557.49088462633
20047.675040886912
19386.655429616185
21416.008774668233
19646.877378648922
21946.67749857975
20047.2610499955
27899.996030883827
23703.22738436688
20325.082872155774
25129.575405883803
24557.988916813472
25205.129347052887
17565.11193682902
11833.268745645333
18991.01252970292
6972.657761093208
6719.294616376534
9964.439786310117
6450.027709372004
3264.1278380806925
8155.125570155251
4215.012080053864
10744.934708038016
4727.539843477437
2778.1433989267007
7341.6343801408875
4226.209784191978
2128.336578175548
3014.1221430680835
5980.122940625887
6749.539930864425
5512.159676569611
4836.248145515282
13233.096293762848
17177.120208676813
5439.212548552716
9837.634636859275
3292.783026812831
5149.37991380192
3094.367189749788
2552.357233356386
2912.6667574578455
1601.6548514999522
4938.209084948375
7037.269298764496
2337.5615047166852
6703.074986526706
12676.607855876377
7158.775427752989
7457.988553446119
1740.7884506740043
1620.5416789867927
6905.605030818565
3543.3026281987263
6365.204569375599
3650.0042351573607
8966.738038346684
4407.456985420656
5043.953992652986
2885.2406961984993
4933.80631308121
2391.9629898892667
7050.918528815945
5539.172204400221
10331.768644251251
3375.5601466028324
4423.956525366556
6173.825485061916
9975.721458454354
2523.6859904380603
3683.9568521269807
5374.936378073077
4313.353253367191
3983.444359680033
8218.122098752245
2909.9670493552558
1832.5235255424873
4584.521463577196
8665.954919107298
15944.35680865386
3837.3190046350505
5062.868530125322
10616.228723672702
16325.917707589979
6154.718353696889
3098.6170417892345
19349.159860142077
2111.096262213861
4114.710283037352
6359.293590486289
9811.16722422295
6371.497088466205
9291.4889068796
2164.3822498194104
11239.380330635078
14359.196074699541
8581.8748525599
3722.362593613542
7537.138423499996
11598.186292908043
9320.667765330265
8330.335938204013
3608.888241550298
12017.399450518957
12306.132092849755
6117.341895927239
6497.179439828743
3482.2625587875095
7921.113202174721
3798.9852980763167
7427.467815704982
3545.773810937936
7436.642199832753
4484.472800861508
4371.4581886368305
5568.196661547316
5799.409590064607
13377.26647619012
2968.593132838068
3475.542280230046
3951.6594663929905
7791.415786513599
2868.6427403332514
3318.6902004656395
15217.622856850321
3983.01486146696
5450.201975156517
11014.202813034935
20719.2342607459
5826.764230399809
4102.924849421446
9596.378441630988
5460.883363217591
9667.919490510872
3559.5001212717125
3732.5485040384942
7607.949040860706
5023.033940923221
1729.1875626046663
16044.207160114416
5794.185085209711
5335.177520476708
4378.2756906496115
3447.9576350838965
3750.1203327360045
13375.75453117817
14476.70255859393
16682.702788766976
2787.7515614439776
7790.96324211583
10726.307041024573
9847.175113875723
11249.348842636775
9857.256440477408
14338.61346609218
4549.571267713036
5298.419132785426
6576.701694872084
4099.780198579757
1889.7257115782704
6628.655167151177
2474.3519676877013
8415.469186365468
9239.386806493167
3299.2160121762263
4006.4657338690254
2519.3820753642485
15929.94233898332
4047.219291274772
6007.135534373545
4814.822103151891
4266.642014512116
2910.5900928047795
10583.690359069784
4327.9834694308465
2827.3670988512736
6283.2762336486
4225.343206770309
5180.393352343044
1935.093856896869
9840.038078855861
6357.696205780833
3839.1869983543825
7207.696833593933
8076.564919774578
2523.9276128684833
1799.718888234123
6969.834969351857
8214.980341019285
7657.2337412627885
5244.488691474127
1977.258967611476
3250.342607069804
3347.3594284649707
5312.209957572586
4607.662435733185
7687.3097942865115
2359.502878432941
2976.929940391611
