4.869593612731999e9
5.581563590271784e9
6.742252781510185e9
1.4434286278264051e10
6.503779561471867e9
5.591785036552372e9
6.979689302033724e9
6.274567938665627e9
7.192429542732241e9
6.257864891590491e9
5.988032244044653e9
6.151916344709217e9
6.335043746311857e9
6.486485122260173e9
7.186448139061405e9
5.68537698185596e9
6.929099009409665e9
6.461624179010887e9
5.287121285714592e9
6.339405749481778e9
5.533880779158325e9
1.4220731526709677e10
6.511471427430141e9
5.727297410448011e9
6.695738299996568e9
6.0193913360073395e9
5.595625290060376e9
5.2068952626043215e9
7.386386868446067e9
2.579870358773263e10
5.953747974770595e9
5.606241079230048e9
5.631607461067938e9
5.30176759179974e9
5.311890374537733e9
5.268997194458577e9
5.708751207787414e9
5.580397152872563e9
1.3559448349118519e10
6.700110081696606e9
5.316747789011429e9
6.104823318511781e9
9.280165591476152e9
5.415587488116833e9
5.650028820601871e9
6.620997593999032e9
6.088418313665592e9
5.835667848751523e9
7.331002011396597e9
4.968361545482869e9
4.977815325899612e9
7.155522058577226e9
5.089510426263538e9
6.285558576722882e9
4.950931561094893e9
7.038781773830139e9
5.206528820984674e9
5.545535418488486e9
7.207571715121721e9
5.39681400209889e9
7.371887473396289e9
6.119775164910427e9
9.66562988345425e9
6.811774639114899e9
5.716487124339941e9
5.81861712306102e9
5.79747861929735e9
2.1155358045168583e10
6.634372171510813e9
6.552018369716429e9
7.916756748903652e9
1.000199626234025e10
7.523001705134105e9
6.848983128255411e9
7.317135836021343e9
1.2775136192766966e10
6.448748641605394e9
2.249770487747225e10
1.7540422999769886e10
5.777456852211213e9
5.755965951209619e9
7.30038712702767e9
5.884486001206707e9
8.480514059837038e9
5.477391763582899e9
5.357050136593267e9
1.1138745383237368e10
6.776504408400628e9
5.46787734850527e9
1.0512921838686996e10
6.633310483535465e9
7.777106343380221e9
6.487735358437304e9
8.800947223869066e9
5.343216316582257e9
5.752470948002608e9
5.605798840357702e9
7.666121836168798e9
6.939782410591827e9
7.012655609484319e9
6.945655871517166e9
6.369329916646404e9
6.458275170950521e9
6.79692262862973e9
5.412507286500981e9
7.755907801206205e9
6.561395011253662e9
7.026142069001346e9
5.838430181757945e9
7.085321522610262e9
8.018643002175081e9
6.375269348646498e9
7.556751883873801e9
6.2671486742310705e9
5.43410521550255e9
7.569491064835239e9
7.778613391650889e9
7.020809722554199e9
5.378936147495699e9
5.48530703781407e9
6.336949417777435e9
6.322879363724903e9
6.11839481113408e9
6.043425622963048e9
5.65139169763151e9
5.753485420185175e9
5.680502893082626e9
1.2318623064595205e10
6.3135136984707985e9
5.7236401894724455e9
6.407154567745346e9
6.6330224869060755e9
1.001015330158764e10
5.523172069982131e9
6.351186050233473e9
8.267542608084742e9
5.736396418533013e9
1.4560516418860302e10
5.580304124198046e9
6.014635721776341e9
6.28990457884021e9
6.106760107201805e9
7.511472419216122e9
7.472223325034946e9
5.395950925893825e9
7.275685758894113e9
5.8086625249217e9
5.688467889676185e9
8.725559670830591e9
1.0654389863389732e10
6.415504185848938e9
5.647997303901259e9
5.569683596400827e9
1.211910901557687e10
6.143360188260797e9
6.136534195980211e9
6.102524794938161e9
1.2045151880603718e10
6.94566318804423e9
7.268021574375622e9
9.582718792689274e9
6.399534121021857e9
5.692242092942339e9
5.719847248493207e9
5.626253077834633e9
9.563478124563015e9
6.121482782992242e9
6.220567789986995e9
5.867238749756485e9
7.791759281909189e9
5.681619656456594e9
5.755330690277575e9
6.028665129443433e9
1.5056942702913738e10
5.602774116219604e9
7.52710828322016e9
5.59615860057193e9
6.276863351646309e9
5.503779578187117e9
5.867991876982983e9
6.210283756255256e9
5.541498933189985e9
5.495829533844672e9
1.0219860806003132e10
7.560511968926937e9
1.6070182456583158e10
5.763424021103186e9
6.473979901725005e9
7.026564311304942e9
5.108668853683596e9
5.167226765282729e9
5.809227791080845e9
5.339343750796312e9
5.282494802162041e9
9.779958534612505e9
5.567476071637182e9
6.655910405820243e9
5.51941576379564e9
7.959737000977239e9
5.231951019143719e9
5.139055459242518e9
5.551286465612523e9
5.024343582426472e9
5.089091912575821e9
5.3169025567883625e9
6.447434107497838e9
7.457307118435613e9
5.215441376172902e9
7.649397021454351e9
5.3605672351074e9
