1.5040319294682959e10
1.5323781997699251e10
1.5511175048392075e10
1.5378470774802044e10
1.5163640463282995e10
1.5902556053849064e10
1.5311585250135168e10
1.5083115314232435e10
1.5377095781286293e10
1.5314664829009443e10
1.5335090254738544e10
1.4942521434606941e10
1.4911773912729021e10
1.5056208969173023e10
1.5227679204203053e10
1.4403088820739122e10
1.430183183648884e10
1.4516153505106268e10
1.43291637498991e10
1.4343649595817026e10
1.4310676376673841e10
1.4183783613611708e10
1.4022272555491673e10
1.4024201563851156e10
1.3856029597230156e10
1.3313467782514055e10
1.3586531541813408e10
1.3434625550563507e10
1.3382863471366896e10
1.3339386572245224e10
1.3140380777377825e10
1.2778286843774473e10
1.1881492214369198e10
1.182773403393327e10
1.1658642541560436e10
1.1763603287914904e10
1.2572348016427841e10
1.1546379970104586e10
1.1280945002087734e10
1.14439312902934e10
1.364186140755434e10
1.1191002558231995e10
1.1852560162265472e10
1.1446541586441372e10
1.2783879795850681e10
1.1428893133176931e10
1.1419903044996115e10
1.1603419743970165e10
1.0599783494880987e10
1.08245161226213e10
1.0410906128374899e10
8.841320733908579e9
1.2497635837862482e10
9.735400046088259e9
9.565477666743187e9
1.097935715108548e10
1.0840284757973892e10
8.825430285937307e9
9.906252421819668e9
8.465019694806851e9
9.873038199296474e9
8.026791391897853e9
8.447677078869534e9
9.543375398897566e9
7.12492020813937e9
7.145716754753916e9
7.394180445823215e9
8.674819583328432e9
8.27761957129796e9
1.0177950578894747e10
8.723575483519321e9
8.193032026149164e9
7.564012750470417e9
7.872811847140911e9
7.168530556853283e9
7.911517632637842e9
7.362845110648224e9
7.389053476705621e9
7.563860436160962e9
7.875785940453635e9
7.980906792727257e9
7.106507370818432e9
1.126109754989043e10
7.115754034015487e9
7.883224397528172e9
8.405225311200592e9
1.1922458624472824e10
8.40795408973322e9
8.239840301939606e9
8.373204201629414e9
8.277428385044149e9
7.293186493343452e9
7.384628058073967e9
7.486785126315923e9
7.161884882753893e9
8.624082818763922e9
8.969325942422655e9
8.603426939462765e9
8.385686484096778e9
7.954990843809884e9
6.989086635342839e9
8.385115428703271e9
6.613675034210206e9
8.151253345111563e9
7.251024217147315e9
7.509174074578849e9
8.653596002795242e9
8.049557268891142e9
6.30537958694624e9
7.373434999220431e9
6.470275698836624e9
7.553972303115688e9
8.369559428185503e9
1.0338042270238987e10
8.683670638460394e9
6.357760925264492e9
6.583522568911639e9
8.980463645215744e9
6.879648664112074e9
1.1300190538989431e10
2.6552572264336613e10
1.4436149400335735e10
2.128296038002356e10
1.2913522494059729e10
1.4608332308421604e10
1.616267379970107e10
7.499052100607798e9
8.819805920986464e9
1.0196554753876825e10
6.573259259022742e9
9.803762984962606e9
7.005726658044776e9
8.721512704503643e9
8.878134181712648e9
8.051176142043305e9
8.322868065032578e9
1.5156680165300205e10
7.324753283391127e9
8.8417384704281e9
1.0066842267607534e10
6.954904557604021e9
8.465484666174238e9
1.092172528853117e10
7.956021267907434e9
8.121007615728064e9
8.184640094662141e9
7.308404825927095e9
6.850853279441874e9
8.044361284223801e9
6.862695978163324e9
7.074381671509001e9
8.928752100494026e9
7.191297028219155e9
6.693928710679003e9
7.668271379004224e9
9.317353319261724e9
7.300277562389043e9
7.331340424751249e9
7.255022003018985e9
1.0620104765125721e10
7.216497179012441e9
7.028751315848051e9
8.4609338891996975e9
6.372885747850826e9
7.1960954069564495e9
7.50109313262393e9
7.19418774844363e9
6.679045605349474e9
7.346129429704011e9
6.375138294277934e9
7.511851160910159e9
1.0272213468061733e10
7.159149480113552e9
6.496563716871655e9
6.662841076990092e9
9.402497077829824e9
9.133043795874107e9
7.170779661339088e9
8.432197043350512e9
6.870955682720935e9
9.218141524639065e9
7.097011889841529e9
7.863974248855735e9
6.834972835058667e9
7.643289978650843e9
1.242396920589981e10
1.4344204767827131e10
1.5786084616601913e10
7.859626700725626e9
9.776665601962929e9
8.76088785466757e9
9.11700344584528e9
9.007310219701258e9
7.679961755395294e9
7.966440836952764e9
1.3939859710649992e10
8.459549409311864e9
7.091988051392761e9
7.564433553991701e9
7.850895130726503e9
7.862773439642429e9
8.557463571316023e9
8.628240775962242e9
9.104202522980528e9
8.708189042534782e9
1.0621741671181442e10
8.624165873624012e9
8.243390707438935e9
6.773724438385391e9
6.688807788551462e9
7.061853929915939e9
6.953301590248081e9
7.475602484614478e9
8.134078227366074e9
1.4116419444410444e10
8.527694695201967e9
6.159566941524976e9
6.470964746820417e9
6.6823955730536e9
7.0331999404212265e9
8.614533679009365e9
8.370654004171183e9
7.293840674552796e9
7.066619446719892e9
1.2644940930364996e10
6.875876709458296e9
1.0981451195889696e10
6.587781826539843e9
6.79287403447449e9
7.298521227548102e9
7.163262447187734e9
1.2665575566016521e10
8.675500001037346e9
6.660001876726736e9
6.502414134990786e9
6.553859760316959e9
7.737378046198164e9
6.656304578583057e9
8.364941324750379e9
7.061918509927963e9
