0.9189485332884995
0.8518503188477359
0.8560912886891784
0.8896230567631684
0.8361741802524875
0.9427011667710645
0.7648467103218124
0.896021134704122
0.9093812288938118
0.8795583486027764
1.058015277622949
0.9285500607007111
0.8921042667745535
0.8915520140309698
1.0015071289422348
0.9603019693648388
0.8756696708377452
0.8662463830471681
0.8324939585076532
0.9330998569070681
1.0401050514407597
1.0591066573701036
0.8813918921999924
0.8802605237781927
0.9551054500162867
1.2461697390307362
0.8048718453202481
0.8985090994789202
0.9556557063652641
0.8086538071797561
0.905745868753947
0.8334518934695102
1.0043243502128423
0.8626560657003195
0.7922883542356864
0.7925470061328768
0.7801906784088604
0.8727368521521885
0.7865013105922374
1.0065565059223522
0.8309298281212723
0.8373200583158852
0.8411801714741114
0.8714873853622502
0.8882797650746423
0.874605850595199
0.8751138145773782
0.8568048681461984
0.8615929654696297
0.8705178361677275
0.8518003606686048
0.8870620024457136
0.900037748114524
0.8788785419855096
0.8657822872144602
0.8104262008263287
0.8208740168001589
0.81536249071535
0.8466169232909841
0.7970355065993974
0.8204654066813931
0.8692584149656353
0.9361880506752127
0.8908794790297301
0.8894415552440299
0.8744224622036687
1.1350893567815252
0.9702873225703751
0.8524313537718301
0.9167223704491883
0.894300634357393
1.0039676313614025
1.1045710067917254
0.9005623446136907
0.9020202841440766
0.9528481574853639
0.9457560901436729
0.9501177669088899
0.9581669255752424
0.9182897134416323
0.9470327536949955
0.8850952458518954
0.8722428835395882
0.9494369899435819
0.9667237861215717
0.8670432819253511
0.8514379363289665
1.0307570748367005
0.9216616392519531
0.8859411354036835
0.938704320452497
0.8950471112988302
0.8542884010704498
0.8895023921009608
0.8670792000866624
0.8501879734938835
0.8796935805589904
0.9302034141740098
0.8436674393715776
0.9316765761651471
0.8460896356141957
0.9250947062434183
0.8646884453744657
0.8218818257488424
0.8938659085475864
0.8885354855816927
0.9605796676700896
0.8401608151969729
0.8442894261051896
0.8409197209395693
0.8678387504680838
0.8398817212444394
0.8628267435579035
0.8600715753909286
0.8643286596679457
0.8492708464842318
0.8370383771482025
0.8729897669163559
0.858977660729175
0.8475398451409993
0.8573360818404725
0.8374008844406766
0.9911391795813647
0.9003211436899929
0.9088966681980664
0.8683816570054051
0.9483879840551507
0.8671074373219549
0.9294180263646062
0.8369475320315083
0.8646637380991556
0.9750114042909394
0.9725259727220745
1.0082563073203297
1.0717189338243458
1.1991834907464034
0.991974471650768
0.9675918982078742
1.212243816273142
1.2321375316010077
0.9803685389648062
1.011757861328459
0.9966896777765698
0.9388671703088062
0.8553198425163508
0.8767418395468792
0.8771442461099008
0.8574815307882996
0.887456317340895
0.8730591967470642
0.876019556868623
0.8788591576563108
0.891687012838757
0.8871125095370826
0.8789965912847403
0.9387596042240501
0.8949819181946009
0.8830665381377576
0.8648041157136672
0.8768766933885507
0.9031915384505389
0.8890450385315678
0.9203548507612948
0.9067996208513984
0.8671422172887803
0.8470248700253286
0.8926703324716333
0.902419100121714
0.9249312078755529
0.9107848043425077
0.9189870923975654
0.8894877861998626
0.9688634205168949
0.9437884825815327
0.8929148758901972
0.8902012572274625
0.862963907904948
0.8794791043635921
0.9190216892657815
0.8849161214740976
0.941265784899755
0.9217145748944686
0.8567467351190478
0.8556080505132034
0.9120101679849906
0.8535643887139683
0.898841403414597
0.8900950842217075
0.8753302943297426
0.8941319225214512
0.8607415725488777
0.8614312554950775
0.8605309277047146
0.8903049086235775
0.9440449894945142
0.9410629254085424
0.9176067406593073
0.9069321402310867
0.9049053942676673
1.0345871834956473
0.9057110482080204
0.8615782828504449
0.9027081264389994
0.9141800312344209
0.8537944060160119
0.890371821886459
0.8603274889076602
0.8952915362485483
0.8586315735856657
