4.923801363468574e11
3.428318334818491e11
3.483340389238305e11
3.69995426114423e11
3.671128177661319e11
3.5107999385902075e11
3.0598215954294214e11
3.088596757945816e11
3.165048186662244e11
3.266156785735165e11
3.03870899769756e11
2.877548720390333e11
2.808787816566247e11
2.6284273452601834e11
2.7720424016026196e11
2.4819096043836087e11
2.6743762687329694e11
2.3993462668116394e11
2.6541270559406165e11
2.3581856738334653e11
2.7111564616902625e11
2.3816379806749377e11
2.6537710539343506e11
2.337936054517905e11
2.3696078977621918e11
2.1623033933960202e11
2.1423813664986768e11
2.2343160608534726e11
1.9655695970240817e11
2.2622284687264963e11
2.3572946567148798e11
2.389936229995834e11
1.916660281767913e11
2.1761598636523325e11
1.9140810286271857e11
1.7176973608149417e11
1.826201896695615e11
1.5367724523858023e11
1.388594772134529e11
1.5309871210478442e11
1.627558765383721e11
1.2241886956117453e11
1.2080696635975902e11
1.0498348698398805e11
1.2210972294416577e11
1.0365887053551057e11
1.0909972013281322e11
9.88613466365734e10
1.0400868230299277e11
9.204089400376625e10
9.823820845177798e10
9.03176505340268e10
7.625657821056361e10
8.572017296293442e10
7.739853748613884e10
8.325492697275221e10
7.148996941162173e10
6.799433263668797e10
6.086877894704712e10
6.2419584893673454e10
5.154263001272926e10
5.967037061182607e10
5.6489006568184235e10
5.416282769648024e10
6.108959338225765e10
5.93576069752213e10
5.387820555499379e10
4.7755998335255714e10
4.793123503296697e10
5.304195695779368e10
4.487572704326637e10
4.625128322147588e10
5.54226231493294e10
3.6630535172733734e10
4.040583859322665e10
3.870992707353387e10
3.6476093003431015e10
3.5045320397851456e10
3.1398865173218067e10
3.7463513657754074e10
3.1387256026812206e10
2.9550227349316387e10
3.6066066043488556e10
2.6624792536898685e10
2.842393038183168e10
3.148692627666264e10
2.3590654136811806e10
2.997713457977494e10
2.4633726597719437e10
2.11956580527659e10
2.19176471682461e10
3.2655758494790318e10
2.6779373687657673e10
1.979517941480774e10
2.028018274815065e10
2.334398045875968e10
1.934529688233987e10
2.5584769435452213e10
1.9904018117794456e10
1.865631025296438e10
1.941082840120971e10
1.665156058539754e10
1.6956256012557003e10
1.6169103502698141e10
1.682820651310291e10
1.7343393732578724e10
1.6965403816590517e10
1.6388032189143312e10
1.6390195653389397e10
1.6364064165604567e10
1.6809513414618126e10
1.5745593696778835e10
1.5940718798475555e10
1.5733711808228693e10
1.5648582714878777e10
1.5623602047801682e10
1.5781292541477463e10
1.6075478597720238e10
1.5708663980225798e10
1.638398690315647e10
1.5811520584327246e10
1.5706149689877857e10
1.5874666614266058e10
1.5653037068265312e10
1.5734230025640936e10
1.6209079348453186e10
1.5726539890570375e10
1.5715433722028704e10
1.5702400273138544e10
1.5785501383270994e10
1.5896194812567598e10
1.5777793588811329e10
1.6038526419762114e10
1.5752025841874249e10
1.5925570644859522e10
1.5901569596487051e10
1.5776825638569857e10
1.5941310279186382e10
1.5731769911979948e10
1.5744591725437078e10
1.5668740776958645e10
1.5894320543274704e10
1.5948410873791904e10
1.5666092105649364e10
1.5963837627231506e10
1.5635391309729233e10
1.587480425377612e10
1.6046948716148495e10
1.5703368815384384e10
1.5787110299256304e10
1.618052891938993e10
1.5845761075178614e10
1.5703272762363728e10
1.5737266663471502e10
1.5687287811938614e10
1.562508538357025e10
1.6084261136823755e10
1.585073303710149e10
1.572085786882395e10
1.5661885228053535e10
1.5565825236536467e10
1.5775600894252409e10
1.6731097304606558e10
1.5673467938010479e10
1.606548082785531e10
1.5782630823772552e10
1.5730374235548529e10
1.5637930729197569e10
1.6099419200345587e10
1.640370749864635e10
1.5670634655065971e10
1.5774334144003305e10
1.5921075635952267e10
1.5881741077609112e10
1.5842285267209951e10
1.6806478625789764e10
1.5741881827612944e10
1.6374312270374926e10
1.6988052068394003e10
1.7677580933092247e10
1.6201589015695803e10
1.5832814703126928e10
1.568919079916119e10
1.5901883528818567e10
1.5757672582563936e10
1.5744348122114252e10
1.5899260775194567e10
1.5740796911463764e10
1.5608900206107397e10
1.5686412292089289e10
1.6014801973861652e10
1.5826868525893456e10
1.5741509953909613e10
1.5646931767575983e10
1.5785009190593744e10
1.5670070128981045e10
1.5847388890787498e10
1.558885752913743e10
1.5573814614783035e10
1.5961280494720589e10
1.5596400221481537e10
1.555548216865111e10
1.5674592952063452e10
1.6031980457161821e10
1.5972597723903229e10
1.5645603577504824e10
1.565961725663341e10
1.5782760589294163e10
1.5653695025689667e10
1.5765485095637836e10
1.5856807734468319e10
