1.2321108121004607
1.3975882697523265
1.1820942247591542
1.0338234835960392
1.0867635143632286
0.9077019059095299
1.051867877227503
1.081673783824109
0.8854380271158419
0.843249513990994
0.8155644842255774
1.0215440201566857
0.8175905101277139
0.732284422468303
0.788330391636784
0.6126914826222335
0.6660648180502439
0.6109543312900689
0.641900553896643
0.6297674847017379
0.6750942608730373
0.7089504411197964
0.5974349673040144
0.6282769781188803
0.6027597556727127
0.6158124441947707
0.6703448814345553
0.6463122051377207
0.611901905531071
0.6362669981248857
0.6688928044411785
0.6590426617242454
0.7236871312416955
0.59516805962289
0.6504526367514141
0.6511241858111663
0.7499361505185436
0.64665584263603
0.6547263422816704
0.6973076410816517
0.6654248525644871
0.5942609129289272
0.5875100394518005
0.5957605799055038
0.6688598422102525
0.6027068453503075
0.6130954788518629
0.5923067564285537
0.596570178618805
0.6036985046421574
0.6688445401557989
0.6041100900853178
0.627029934270826
0.6417429164364038
0.6390516222222864
0.636846193444177
0.641978857877644
0.6782288589289142
0.6605372259238189
0.6085479156085023
0.6319549639293954
0.6312721518773111
0.6470384153704294
0.6391867157578772
0.5879164874257088
0.6238879151860018
0.5672548430172011
0.5642537344810042
0.589112483561062
0.5832732581554871
0.604352262421898
0.5595265012135823
0.573675634842267
0.5900003614425124
0.5607858416834774
0.6450674569542277
0.566917320302183
0.5589497920322217
0.5711740907876965
0.6010366545873637
0.5847311302593107
0.5803792775713881
0.5562641950188
0.6026855924353348
0.5776853228587245
0.5610077627724163
0.5719368099216706
0.5757428492840644
0.5810075639229003
0.5763856661186559
0.6051148341151839
0.6038713463472377
0.587670041890321
0.617658475644414
0.6061374137486952
0.6023317053894536
0.6517404591073878
0.6324387976356763
0.6197274741923965
0.6980939040076466
0.6500479223224841
0.6513899155184549
0.610506611694887
0.6567470064787639
0.6724637989309912
0.6081753722693367
0.5753868146233838
0.5629087603174294
0.6017011915757061
0.5874041890520786
0.622013977440416
0.6060468278073771
0.5731533310097641
0.5968655706175564
0.5882977536275626
0.579970594513639
0.5924149627463317
0.550313005467082
0.6116977067848433
0.5647141841791155
0.5830453285142038
0.6448127277737082
0.6069763850255266
0.6199874305267031
0.5874933399169587
0.5653557548875361
0.5450091695883549
0.581742304139109
0.6258232804161552
0.5801792488365081
0.5845285814272076
0.5774740700273556
0.5501218519049227
0.5538471906960916
0.5685726726569587
0.5555813901524095
0.571440803528099
0.5976157225446633
0.6358652036677367
0.6680759831728571
0.5736365620926507
0.6274905596922586
0.5682588217540283
0.561254753509094
0.5791485022779157
0.631125610378141
0.5859038413413529
0.5475214661404791
0.5783596591494288
0.5757101990067246
0.5492177522401724
0.5908576084933339
0.6275711904054544
0.5594566584259253
0.567989801571199
0.5671799235002166
0.5794823531477193
0.5733004321521896
0.5734198108243479
0.6415498836486171
0.6508791528634706
0.6271595523345437
0.6034922303074894
0.6360928324897854
0.5828342759141845
