1.507965427752351e10
1.5900272956519777e10
1.5716381404982677e10
1.5154831434323862e10
1.5350847234928936e10
1.538253203907719e10
1.5946686852741972e10
1.546977853693208e10
1.550066350343232e10
1.5321106297251122e10
1.5723034959353388e10
1.512458648109775e10
1.5241517304656385e10
1.509574866840973e10
1.5317996594920341e10
1.5182439598293118e10
1.501476788955828e10
1.5025786963343107e10
1.4949892178512337e10
1.4886461057263367e10
1.4737766991980196e10
1.4754330141188656e10
1.476917071789826e10
1.489343517080551e10
1.4920229364743885e10
1.4843141434528042e10
1.478980742002198e10
1.4494041209111212e10
1.4410508324833563e10
1.4758610253436544e10
1.4407212417503078e10
1.4620321397024473e10
1.4536368244732197e10
1.4460759160429386e10
1.4534868209929556e10
1.4381666378978336e10
1.4218466437836708e10
1.4175390532781645e10
1.3976356270548618e10
1.3740509211766668e10
1.3444152361306728e10
1.3758217522001072e10
1.3611691286550343e10
1.3355597614949959e10
1.3431287998824844e10
1.375384977294762e10
1.3405377854363085e10
1.2951904390852264e10
1.2391256721825975e10
1.3020202292188326e10
1.1360842784248938e10
1.1633551746194008e10
1.1304066450437443e10
1.138778711232304e10
1.0750906382775585e10
1.0917241362838274e10
1.1162252107221413e10
1.098494766216536e10
1.0442078191898956e10
9.872528913838606e9
1.4748446194522326e10
1.0922240859269934e10
9.056050876152021e9
9.949967471854887e9
8.885064105479977e9
8.80260578799993e9
1.0722040586684624e10
1.0076636252887222e10
1.14025268661873e10
8.98546096600434e9
8.63304891456825e9
8.543273336411423e9
1.0937534596339375e10
8.742482261041157e9
1.0219070771914867e10
9.948865615867636e9
1.0738638926286428e10
9.423252281577888e9
8.83434613378161e9
9.690640833975693e9
9.45989778607229e9
8.304133119108492e9
8.777693073032095e9
8.235722316601211e9
7.85001217495344e9
8.569228308800357e9
9.255329326337614e9
8.002114086861195e9
8.877200298662546e9
7.669186719813485e9
8.118366961897898e9
8.709454756250145e9
7.471136175151951e9
1.1458816068048855e10
1.5033597324284225e10
6.838899305449626e9
6.295641794934701e9
7.028507455089824e9
7.304254164329866e9
7.87882042057247e9
6.887939560831337e9
8.823684056816431e9
7.743901329323093e9
6.464828339885138e9
8.331291383183444e9
8.632973965493986e9
6.600844488657118e9
2.645065219070378e10
4.940116521508299e10
1.5918533472757345e10
1.845472844689459e10
4.518622140183437e10
1.1839239204877544e10
1.3196683205466385e10
1.6907242370963871e10
1.408674970492001e10
1.3600302521025469e10
1.362451460729939e10
1.4832610575663e10
1.8056692592502247e10
9.557134115159565e9
9.264020059782545e9
8.720924705884127e9
1.1129521092759668e10
7.900534984856937e9
8.667608513341545e9
1.0006969138590525e10
2.0807217107664513e10
7.144551181444411e9
1.0922937787361368e10
7.006765275697642e9
1.2140424224856417e10
8.686587507667688e9
7.538132365284651e9
3.1716970962690777e10
7.454234591959139e9
7.095688245524347e9
6.632774520327831e9
7.92440828287884e9
1.1754845933352453e10
7.196790723438763e9
7.296888063178628e9
7.137548647113848e9
1.6933971822258682e10
8.775930806730143e9
6.233965308380864e9
7.109878487446852e9
7.509880440069715e9
1.0870084729306158e10
6.488177984067706e9
7.380059965834991e9
6.804731898916113e9
8.500028380302853e9
9.244839288702099e9
7.222043710586413e9
7.797188786650411e9
8.331616399430327e9
7.992090864854018e9
8.178990481084371e9
7.385809745441944e9
8.459665866939118e9
6.826993763580325e9
7.510371442723998e9
6.625676629220007e9
6.872478304888945e9
1.4093644983850607e10
6.749395945218489e9
8.783208442198002e9
1.730992961230289e10
1.7906571417750584e10
9.158770306096071e9
6.87161859323611e9
8.541712371433488e9
7.273135062744432e9
6.827148121971555e9
7.12771831719105e9
6.003832329587858e9
5.962053151560284e9
1.89404779867959e10
7.531236134637788e9
6.018398107284194e9
8.119285222931839e9
7.206790808202827e9
9.194096689077065e9
6.405852683949102e9
6.285346318364132e9
1.008332001124323e10
7.765698781035737e9
5.721523418706952e9
5.905846313145858e9
5.67043566330477e9
7.226478010600127e9
7.179248402623893e9
5.921125456595375e9
6.777697882600249e9
5.507730904762117e9
6.474813152504946e9
6.202429683971415e9
7.7825883270944605e9
6.400286507812103e9
6.905075739822308e9
8.175100194304168e9
6.953478589345011e9
7.248970150455835e9
7.406634432933066e9
6.934222768123775e9
5.543125182335282e9
6.160789158785994e9
5.684765556446542e9
6.960995233138002e9
6.8260172602621155e9
