4.914218387774049e11
3.629413500405438e11
3.3930715457857117e11
3.5576506198100574e11
3.269869114490053e11
3.5569812471815234e11
3.2926351528689594e11
3.122649325248266e11
3.1146867773056805e11
2.950234761217098e11
2.832619593157253e11
2.9382825524247314e11
2.8301467537468384e11
2.9762886043461053e11
2.6726622344042523e11
2.133807488382519e11
2.1568831875880133e11
2.180413368142776e11
2.3584383229451883e11
2.316328570819176e11
2.076544178890064e11
2.438793295089004e11
2.044500064775059e11
2.265297544286265e11
1.9334035121418115e11
2.0928774873354694e11
1.885807532210961e11
2.0287282133234616e11
1.8831470895278253e11
1.802800908803106e11
1.8837094346159256e11
2.0222235930695883e11
1.9258975213412778e11
1.8078150241382623e11
1.8673381168081204e11
1.8841563849770383e11
2.1869120029520343e11
1.813173024802256e11
1.7740986601907248e11
1.7914690824890192e11
1.581386043350938e11
1.4243565478311414e11
1.5411843048663623e11
1.3179233445187987e11
1.3134251804282732e11
1.2141331919330605e11
1.2131032021751263e11
1.2807152755495496e11
1.3147126791458295e11
1.2978217726789629e11
1.292435467422438e11
1.1730297451402466e11
1.237145044294042e11
1.2697342230063225e11
1.4248733278059296e11
1.0257141327008603e11
1.0970536875166756e11
9.546062191638733e10
9.05375576274211e10
8.621471002457684e10
8.52269997129175e10
9.216157766905135e10
8.673943104950322e10
8.452885746822498e10
9.488600429367198e10
7.971907511909422e10
9.060892037431467e10
8.583029055303049e10
8.759774239680336e10
9.755184327130576e10
7.720711984422725e10
9.192016009483388e10
8.40105762445073e10
1.0495534177300105e11
7.694286672031512e10
8.835184350496916e10
1.0082105509811902e11
8.718560489786401e10
8.327276384965988e10
8.30848511871491e10
8.193100589792976e10
7.903196771623506e10
7.087186566576558e10
7.464796143367453e10
7.622194010766368e10
6.934666875683574e10
7.364721455059103e10
7.218223538809444e10
6.3998029054981926e10
6.794397094682768e10
6.4939211920845535e10
6.434466378101587e10
7.106317045317422e10
6.3345253879153915e10
5.543964830450151e10
5.551206001576473e10
6.448580372617679e10
5.734582443466264e10
5.935461013882985e10
5.652043983918482e10
6.3722233617567055e10
5.760356167012937e10
5.9760866645560875e10
5.5297888576214966e10
5.534381567212809e10
5.906469142662673e10
5.7602953210746544e10
5.861757612833094e10
5.306487419511832e10
5.8979615376598694e10
5.283705224099152e10
5.779941062596558e10
5.3484289604172066e10
5.007061408777091e10
5.237431429439645e10
4.877738062964297e10
4.723596297544094e10
5.29993869073736e10
4.398885950094061e10
4.443667296357685e10
4.175134722150471e10
4.083658607968403e10
4.418682341003081e10
4.3201186890736275e10
3.881443256962924e10
4.0152859696755264e10
4.271514447775923e10
3.0563127791529778e10
3.2656912728496887e10
2.6105619145628654e10
2.3444978528550236e10
2.5519897239328484e10
2.341477579915161e10
2.30486385321958e10
2.5714750153659275e10
2.52834348215047e10
2.5469211089919907e10
2.272544057747666e10
2.242050239401392e10
2.3002485241626877e10
2.6306330712238567e10
2.368397998322589e10
2.2562985602936356e10
2.050602614992841e10
2.2551651484221416e10
2.4992850350181324e10
1.9157096316167797e10
1.8191670106374332e10
1.967868227863895e10
1.6949929698008287e10
1.6702534335599554e10
1.72311791184479e10
1.6126006774666798e10
1.9778115845648052e10
1.6109232135684902e10
1.5700622337587753e10
1.5660419094972935e10
1.5949847391420593e10
1.5396479400010632e10
1.553089369851451e10
1.5471678324450571e10
1.541371146062578e10
1.607878926977625e10
1.5438980687819101e10
1.5504537991002972e10
1.59019939875079e10
1.5811629647868565e10
1.5576253888610912e10
1.5938943470636461e10
1.5175672216002079e10
1.523215849022598e10
1.5110485263262169e10
1.5170286715535563e10
1.5066265616052929e10
1.5056917227847893e10
1.5337875912046696e10
1.5194852729815964e10
1.5152572000446604e10
1.5143017195952961e10
1.5218159484683472e10
1.5207851533932945e10
1.5097248653909872e10
1.5414851985233318e10
1.5319419627361597e10
1.526211457362218e10
1.5237645427595604e10
1.5217116621456034e10
1.5610358183952574e10
1.5694047993342655e10
1.5205275256555893e10
1.553051935196437e10
1.529919414748321e10
1.5961532905014305e10
1.5433631790157402e10
1.523816675840468e10
1.5179676532852348e10
1.5722182013686846e10
1.544480684662694e10
1.5081291351509056e10
1.5114046768965288e10
1.5244930825178562e10
1.5006727509725842e10
1.5017337430874092e10
1.499896883424361e10
1.5259755572474018e10
1.4897649142177448e10
1.4838597482671448e10
1.4962154322880665e10
1.482252123185138e10
1.487485008464488e10
1.4918419333182594e10
