3.070555502677397e10
4.103223151902182e10
3.635182144516796e10
3.576519831238959e10
4.230710748484329e10
2.2471700634022095e10
2.489757137331225e10
2.3483336722393166e10
2.34282828616248e10
3.2404940284244713e10
2.663365253833554e10
1.9326918930165417e10
2.2548698074158257e10
2.0417080937076416e10
2.9612135581921097e10
2.1395822390398502e10
2.5283453474205563e10
2.251565844521921e10
2.0305533513964825e10
1.8498251786021664e10
2.0045958429159237e10
2.211704618170128e10
2.404925363745919e10
1.7473340144597134e10
2.1002000449223595e10
2.225989434273295e10
1.691946949226995e10
2.2733114634665688e10
1.960023562570751e10
2.1124258755705334e10
1.597006885575343e10
1.744727191084304e10
1.2956927677643955e10
1.6827403044323454e10
1.6149688740513037e10
1.3987082677629082e10
1.3941772421544199e10
1.0849056914247591e10
1.1834229390223106e10
1.015297495851142e10
1.118980488226836e10
8.729526038991219e9
9.067167552413317e9
7.829707362800783e9
9.136463687753181e9
1.2241395620876053e10
8.064478900230457e9
8.075002754912038e9
9.451996452387314e9
6.51097650230761e9
5.726745339821984e9
6.418530211266214e9
7.154048774959269e9
5.681966131212572e9
8.183610789140486e9
8.081204117997388e9
7.641613192927846e9
6.741114052601438e9
5.424243003707543e9
5.534695715911699e9
6.319308299942745e9
5.26555057997713e9
4.974964762898286e9
7.590521212514409e9
6.6627870207261715e9
6.337516957887446e9
5.399315138279398e9
5.020467436435751e9
6.310549521502415e9
5.409251061950457e9
5.842015005903135e9
7.447920344572461e9
5.67167994920908e9
5.891276666342343e9
1.2990609881202892e10
6.478182044696509e9
5.442719323514833e9
7.93228429509611e9
7.750217944028451e9
5.681773799709269e9
1.1714797118508871e10
8.809489136136358e9
6.036761545504681e9
5.439135703560558e9
9.31634256674633e9
5.904137468761435e9
9.16960523671062e9
7.999112587904235e9
7.118853878312628e9
8.582011133222472e9
5.61791100788174e9
6.421593815105247e9
6.719136061009409e9
7.8086687148110285e9
1.036198187048053e10
1.3866442038540567e10
1.2531017391521309e10
8.975699555613262e9
6.845795856927987e9
8.89424177576502e9
6.605470766973342e9
6.345678188554152e9
7.59011385394189e9
9.17094571046391e9
5.528823840064215e9
7.713654933816889e9
6.829741202334671e9
8.548922061669173e9
7.46873971150036e9
7.933529916863852e9
7.72644258740439e9
5.084132732198544e9
9.438463518261007e9
7.9581981941529875e9
6.356435075790478e9
5.299327399263103e9
7.005238394856713e9
8.107380037053296e9
7.440374197844385e9
6.231810709832787e9
6.72117487942255e9
6.239571021206486e9
5.282110991302946e9
5.250090181015052e9
7.3680614651916485e9
6.325725994433987e9
5.341911513173586e9
6.659154837407158e9
6.831993030339079e9
5.816187175192232e9
4.780678346747256e9
5.133753579876493e9
5.624846971148958e9
5.39598136873735e9
5.203702651306635e9
8.60831652602267e9
6.383654911961399e9
6.316617586439663e9
6.805174482023941e9
4.863664736873726e9
7.005495588967803e9
5.721036668585644e9
7.320712638108693e9
6.62908775213142e9
7.790242554076802e9
5.350218559768435e9
5.323638722996833e9
5.7374062169282e9
5.105649294731957e9
5.9749121969858055e9
5.502035162582163e9
5.116168773362447e9
5.566234765372324e9
7.264844400091601e9
6.108898944167733e9
5.171365374743128e9
7.74926063402956e9
6.387553194082633e9
5.469030409189093e9
7.88529323561704e9
7.239731216717225e9
9.787564434796028e9
7.45513973233682e9
9.584978249209364e9
7.111586896499301e9
1.071429897874361e10
8.518607097362862e9
8.189398352219252e9
5.766407767989157e9
6.036395631219912e9
5.741114225007064e9
6.624308863201112e9
6.309710624783344e9
8.720640874556587e9
5.370629767220996e9
5.989337789761542e9
5.972561257458461e9
5.737471557200904e9
7.173637943439204e9
5.971212048134169e9
5.844387293029735e9
5.892401208458756e9
8.089667441994422e9
6.188039907114615e9
4.984028066547288e9
5.247671786253954e9
5.09649469930387e9
5.256074209234502e9
5.487691745780003e9
5.21816595943305e9
6.412159269855683e9
6.218581364697981e9
5.786456351129078e9
6.4878346935349655e9
5.619607333492176e9
5.1921246060709715e9
6.147836648862073e9
5.257350032685918e9
7.198301509002661e9
5.80227767974496e9
5.254044305719221e9
5.934023464842538e9
6.603330997180309e9
6.229999663590047e9
6.039261526097277e9
7.695946488188922e9
5.050587970345166e9
8.7638865681488e9
6.563751492925499e9
7.733522545906239e9
4.97691496797134e9
5.021726837585964e9
6.848699410820918e9
5.584181753598597e9
7.764673206236113e9
4.930305966247165e9
5.302255927548717e9
5.752496592941107e9
5.336202562122346e9
7.579970842984263e9
5.02545608751535e9
6.126179582265316e9
5.915063069587847e9
5.156767027614411e9
5.354043315941442e9
4.855023307139144e9
5.277711777850659e9
5.650071672688941e9
5.41040591862588e9
4.804180893315271e9
6.380922482756617e9
5.731825339167053e9
4.532467178372383e9
5.507220479727649e9
5.016265368185212e9
5.202572722577838e9
5.1467605878235035e9
5.2000432441512375e9
5.17874918119886e9
4.938610173316126e9
5.269871976604565e9
4.764114901378014e9
4.559127602317484e9
7.499037493746683e9
7.22380580592379e9
7.146194275029678e9
5.992404289909621e9
5.6721927662795105e9
7.218054864110001e9
5.260122304295898e9
7.23197680563406e9
5.555942975103998e9
1.3083432421735676e10
4.974266473986822e9
5.268954735080162e9
5.7041315377829485e9
7.94602040682494e9
5.543507894054193e9
5.301230656984107e9
5.110100346561118e9
7.971058725402373e9
5.427047994044531e9
6.235788414319123e9
5.220641751906998e9
5.18654913307667e9
6.058744869368472e9
5.496074788504169e9
7.22365033883135e9
6.662247008674249e9
5.722562698743358e9
5.795012170368666e9
