3.0540988789124054e10
3.1841142278884525e10
4.062896015471909e10
2.9824688442954514e10
4.234420004878303e10
2.432220979933691e10
2.8863932906260258e10
2.8706609273591896e10
2.9375244622791504e10
3.3516112841918865e10
2.3720755296229908e10
2.553681365755224e10
3.4133041167093597e10
3.1383743527972973e10
2.2128284918900608e10
3.375141530997706e10
2.6119265433409122e10
3.379903634440805e10
2.3058935473699642e10
2.6881116714527138e10
2.2495976218750233e10
2.2703834808276737e10
3.527691073571135e10
1.94443980971253e10
1.554701843792079e10
1.731652420519287e10
2.3811789001230057e10
1.4812015366439669e10
2.2737990476551277e10
1.882258337354393e10
1.2285034363163609e10
9.821523166430428e9
9.203659859203438e9
1.133939072845937e10
1.5985494302398968e10
6.364399269528752e9
1.3063650379441265e10
8.021041476587756e9
8.331078791684605e9
5.515212294124377e9
7.386996620333818e9
7.332510723284329e9
4.926373159564084e9
6.786687047913169e9
6.393745176995008e9
5.171377678543402e9
6.05497559668242e9
5.128312974635162e9
5.262189415910591e9
6.140146808298173e9
5.159131039060327e9
6.272706005011129e9
6.302074238724104e9
6.246935504732083e9
5.392800652114961e9
6.565272678931574e9
5.347919731970942e9
5.130386912153533e9
6.343314092489218e9
5.2141873479829445e9
6.282636600576946e9
5.593132347051136e9
5.6298906018933735e9
5.397349842186786e9
6.207655630281989e9
5.347242514777755e9
5.661821986581713e9
7.263481618006119e9
5.475092503253118e9
5.362341122351563e9
5.484902788121431e9
7.640665378684954e9
5.299271754937284e9
5.270680694806823e9
4.799383028246787e9
5.861467371067748e9
4.972331279285679e9
4.923656936830266e9
4.983137963445742e9
5.210893691065585e9
5.241324902584441e9
5.697719374695763e9
5.74037493424514e9
5.866073543291712e9
5.035113971975857e9
6.047553985231039e9
7.793751577554682e9
7.360106941706095e9
6.681655124827014e9
6.383521876628328e9
5.412296936769863e9
6.085634732400009e9
5.783797758865919e9
5.831899202725603e9
5.468021988448629e9
5.046574242118071e9
5.597050866766874e9
5.381187222945806e9
5.09647749832013e9
6.299050474293857e9
5.786630850995828e9
5.164968333717972e9
5.599610125689122e9
6.0033429594897375e9
5.505347705817857e9
6.66510328302821e9
5.104471864743034e9
5.372629310386998e9
4.959683763471248e9
5.30405910514446e9
5.042699746243487e9
5.115126995422903e9
6.623460702882622e9
5.440164770147883e9
5.554851505509426e9
9.847327443316624e9
4.864239147551783e9
6.195463550174364e9
5.245765420874805e9
5.349065844713803e9
5.676232576001046e9
5.6070614378203335e9
6.407571373666719e9
5.125135318163298e9
5.267637763700136e9
6.090470418011756e9
5.487142442391764e9
6.0947179271446905e9
7.395619826320333e9
5.415040384786284e9
5.657059692013092e9
4.930993655134557e9
6.626081515768077e9
5.029570416094517e9
8.229799058760598e9
6.165791835872644e9
5.105505528473742e9
6.629584525460543e9
4.980747943059188e9
4.796040931346807e9
5.006515620815161e9
5.528458396690121e9
5.468592236021876e9
5.283725528767248e9
5.442682620025173e9
4.824568003254276e9
4.941825220722238e9
5.597130482792935e9
5.04699542878277e9
5.0306046926541605e9
5.044858070785465e9
5.655154452374973e9
6.136747402346947e9
6.286247234286922e9
5.873705497776147e9
7.339708973972206e9
7.121730868793028e9
5.454023459187147e9
5.448371547048433e9
6.126884148418902e9
5.850578188543394e9
5.381178811179238e9
5.728423908901056e9
6.473800905130733e9
6.00563198772469e9
5.097992206939209e9
5.987558748748704e9
6.448400678899145e9
5.897228394911865e9
5.89215188781303e9
7.055417992839318e9
6.009752202266648e9
5.711556210375659e9
5.997800227282326e9
5.303931900957075e9
5.701839443241178e9
4.999388601633399e9
5.6127438890293045e9
8.346484513407214e9
5.50822142387204e9
8.04195087159203e9
6.12441511593426e9
6.465686848272967e9
5.468937779589971e9
7.915062460549858e9
4.976671684921413e9
5.047736827809975e9
6.139322476441861e9
5.615331051315839e9
7.463004833649049e9
5.796244356602399e9
5.715738231709766e9
5.177134199667745e9
4.931496624886452e9
5.412901241324498e9
4.801617630806954e9
5.872296305943537e9
5.953415911669657e9
6.665418913237085e9
5.026866316986171e9
4.709126569784563e9
5.785506535359301e9
5.349501724934964e9
5.323716841915987e9
5.924480075296468e9
5.77638715360093e9
4.853107315132155e9
5.510464737677205e9
5.076887055509133e9
5.276274709041006e9
6.354569268709459e9
5.7937933807738495e9
6.908672292379763e9
6.165525765564232e9
5.580516623624605e9
7.53948470442511e9
5.314035033031932e9
5.188285074741743e9
6.99203934922914e9
5.480497377113995e9
5.328730112068087e9
6.253842038466803e9
