3.0805135639055065e10
5.044312208280673e10
3.610741289269213e10
5.5565307722783226e10
3.94692243314137e10
4.8615261412315956e10
4.237937113528541e10
5.2763154335087555e10
3.678562626746871e10
3.340851529721893e10
2.749250862439158e10
3.700433712857293e10
2.6028503746964455e10
2.7905217354125946e10
2.494705380400792e10
2.8262660255621952e10
2.3573030882134865e10
2.6335696701567265e10
3.2309643360681824e10
2.3759880646265285e10
2.360361623742894e10
2.9276636194164005e10
2.2176957345161873e10
2.0878022065891533e10
2.6720083023974274e10
1.8734028392370956e10
2.130614852956594e10
1.9391552641533833e10
1.831899322630924e10
1.40583149111043e10
1.6804834561739988e10
1.6030697698994116e10
1.949384912015357e10
1.134992459738584e10
9.876519269496063e9
9.876071875936865e9
1.3172189263159061e10
8.475488295834538e9
9.764869583749645e9
1.283884599603179e10
7.027316199971653e9
1.4919149197831703e10
1.2842932533852842e10
8.80201930936911e9
9.808157029368889e9
1.8247297646762573e10
7.743164443573508e9
6.253887675951893e9
1.4988532338442617e10
5.695422118025084e9
5.838667747861761e9
6.778004446415379e9
6.393381854489845e9
6.221830944870708e9
8.138924963706352e9
8.415197990320785e9
6.371691244148191e9
5.070366141498449e9
6.377657605539186e9
5.176949470931862e9
1.0758206227956287e10
6.634020792661585e9
7.364999881194343e9
1.0105820083706844e10
7.613321134165683e9
5.712978371101608e9
4.859016504332462e9
6.7154677008001e9
5.7845632949982395e9
5.407664031923788e9
6.732730010832205e9
5.9002612928156395e9
8.180865135120959e9
6.610804593045538e9
4.791810733147254e9
6.922988271794144e9
4.672905827228769e9
5.203149541089204e9
5.124157812467507e9
5.23769229245883e9
5.344659049325817e9
5.150199137492528e9
5.1179307568667965e9
5.656277235149533e9
4.981033035297328e9
4.563373612355633e9
4.746836846298679e9
4.6177699721348915e9
4.373943965338927e9
6.518137373918429e9
4.687936738194601e9
5.726828324274977e9
4.593057441629538e9
5.334948694928926e9
4.526785645941559e9
5.987141433208765e9
4.624861386106067e9
5.229044324221748e9
5.107764700053525e9
5.006263455998311e9
6.63999153541878e9
4.474731963328214e9
5.816549337541968e9
4.918634654448999e9
4.343710221877507e9
5.375591751333215e9
8.166865813486465e9
4.315174704323e9
4.818732749182703e9
4.870182494027103e9
4.545398614211868e9
4.41351202642087e9
5.253590360674204e9
4.663575729828256e9
5.140066133323905e9
5.329103523572368e9
4.944449555759825e9
7.276016770276425e9
4.964126075283033e9
5.007016834856731e9
4.626301745528482e9
5.375754105885212e9
6.227781609166032e9
5.873315288082654e9
5.014360659463899e9
5.030867123344081e9
6.016693770549079e9
4.467096080480369e9
5.414513139024726e9
7.695191664611489e9
8.214385694073925e9
6.733936456147288e9
6.177764439052737e9
4.811805035513802e9
7.8474973723342e9
5.378708727825917e9
8.466229033736047e9
6.885737754960006e9
4.102798997728015e9
6.816667690380708e9
4.42852135660555e9
4.705365041398713e9
4.0680817338801055e9
4.641378050477527e9
5.289730097420332e9
4.658796882736051e9
5.271546792552727e9
4.153433178022726e9
4.104407617392907e9
5.543470962521313e9
4.33330157965994e9
4.124496834775091e9
6.223405167072168e9
5.415120502069446e9
6.19135776227474e9
4.869275012198794e9
5.669887509081726e9
5.14615448626123e9
4.874707305924362e9
4.2905090598433495e9
4.7009820803102255e9
4.897838908455224e9
5.060915104146299e9
3.911939712409473e9
3.993741474423523e9
4.566546702504555e9
5.702190839475001e9
4.052221992516633e9
4.139778526457083e9
4.932189319986071e9
4.483983447032108e9
5.708030537256107e9
4.766939280099315e9
4.600907634506174e9
4.0409779715478415e9
4.2473618858572216e9
5.521901551312867e9
5.7492700331016245e9
4.832758035912635e9
6.555406992298686e9
6.042030455118039e9
4.312260739587164e9
4.693450607483619e9
6.972162072272482e9
8.470436919809446e9
5.268629259969624e9
5.149129816250077e9
5.538034186540602e9
8.000489977594085e9
6.7677715101382885e9
4.517711743132992e9
4.830316165031918e9
4.2697010092170496e9
5.840899126460549e9
4.651800156506809e9
4.2839381571943984e9
3.9990780108606043e9
4.2483869210210075e9
5.833632749091934e9
5.264422952105959e9
4.391403211539443e9
4.199326435897575e9
4.168873752885271e9
