1.6094322369657166
1.3198607226500774
1.0919555983545846
1.138544304124456
1.009874581559158
1.216016576361983
1.3563701037433051
0.9843628571820876
1.0275180668276818
1.1191044090205577
1.1061129356761525
0.9404682274260401
1.2290694786275393
0.8189112651207698
1.047374228107465
1.358383559421144
1.1953892275373705
1.367682509452728
1.0137763104392576
0.9633079279386954
1.1313271627540853
0.9947779048264745
1.2020410426913524
1.0461033120850542
1.1954259607604467
1.010980200539922
0.9680208431330851
1.0152491116684217
0.9874426489744111
1.4892281929775268
0.9906168759821665
1.1419938150660967
0.8757220311199875
1.1845617108190059
1.003307716465989
0.9173907975253024
1.3642559020370193
0.8094232098172834
1.3287321544228712
0.7538560730402478
1.0550254407456878
0.9193858051175815
1.4959711996104235
0.7612526191661759
1.287607775506471
1.1943758711156365
1.3866211972185423
0.8204824357189419
0.9812802605385567
1.0466387287204642
0.8770127759770883
0.8775437693165281
0.7747869468050422
1.5577828876296147
0.9711819357040606
1.0226958906100194
1.2598350146438428
1.0114118126550034
0.9769913797823031
0.7649356632352465
0.8012272268122939
1.3763944737147298
0.7264232491487388
0.8705997801372287
1.2426233154745792
0.9084877021490744
0.7407460720301832
0.8376790673374171
1.021814351641348
0.7889082078554068
0.947535763886468
1.8301235699089107
1.5777002890862768
1.76694054573689
1.280330659286372
1.0093447223543828
1.2841648187654513
0.9860971334045819
1.1957068996716147
1.3668210482376089
1.356796432995323
1.040161065489646
1.6342639059712232
1.0402906684619053
