0.844564320095129
0.854564320095129
0.8882652710924438
0.8807337935947578
0.8460703229624881
0.8562778153477018
0.9101959253465093
0.8608507259459147
0.8664955259661167
0.8514747357035696
0.8922802952124105
0.9000051484837363
0.8715288388991533
0.8492301115543294
0.818429231150628
0.8302608538535035
0.8268752118341562
0.8214579773199432
0.8247781202608446
0.8338338567279437
0.8215362002007093
0.8349158150656018
0.829693656288792
0.81016672197364
0.8063803703850737
0.8074184539686228
0.7961134822231488
0.8017094645541892
0.8066230784634024
0.8166654828869984
0.7967342396658514
0.7987720105884397
0.8058609407004885
0.8060522479752358
0.8025638926973121
0.7982591167494759
0.7994678195764693
0.807692889930817
0.8063978283195011
0.8590393562912917
0.8046616721151192
0.8376698703337946
0.8056655217115798
0.8259935076915681
0.8055375357092479
0.8550918783172783
0.8085543970440737
0.8013109091990409
0.7975493871289975
0.7884830207357096
0.7896193395601817
0.797076360385605
0.7881314872490788
0.7836416747874191
0.7821495542299327
0.7841637153271332
0.8118679890858144
0.7860081178138647
0.7897229730244276
0.788202881176088
0.7826901384187004
0.788532217312969
0.7877023937929011
0.7974523936240185
0.7833819296618176
0.7732172121294005
0.7940149138329734
0.7840960973720469
0.7936048087289789
0.8131422429780908
0.800811086713498
0.7920623024427211
0.7827759679323594
0.7780775184784609
0.7887299819315615
0.7718588333271784
0.7882724793764758
0.7819199068478376
0.7750799347581427
0.7733238389695667
0.8025248632849041
0.7933080281023933
0.7902766284719112
0.7806444056830009
0.7734978336067342
0.7739211850693387
0.7637644613260507
0.7466871382837351
0.7690624572833238
0.6836962694259056
0.7095705976413401
0.7131571909612259
0.7458692375718656
0.7592757051813535
0.7559196325468773
0.8263631958319657
0.7815730837564793
0.6969255477308863
0.7667203717337493
0.7181095746205194
0.76749468107454
0.7834379659586559
0.7906503613904632
0.7351464540845879
0.7264504503201403
0.7225030875543179
0.7443430384342776
0.7546241145341019
0.6990550857022142
0.7995433407089887
0.8915475457914848
0.7297220841434343
0.9682526035011108
0.7574960542912464
0.7251397498569984
0.774299354428863
0.7064964068983085
0.8039784415238502
0.6923823652642997
0.7127186122096629
0.7153800092632702
0.6929320288719261
0.7102325306552976
0.7437465758594372
0.7708866672357346
0.7055733235086493
0.7110504434853997
0.7463131375594371
0.6975192925856049
0.7104216173084961
0.7450105319252771
0.8053677738510435
0.7203071454489871
0.7109772732126078
0.7113945586598943
0.7713064250148411
0.7854907926012502
0.7108967860599975
0.7350468318229367
0.6875963114060077
0.9664004701739928
0.6855086549137718
0.7940702918018983
0.7145019056347366
0.7793066802461444
0.7861313052626847
0.6899266238422906
1.0878886717352834
0.729021929236662
0.7558923243450975
0.697203862652073
0.7217118521117636
0.7748611776498825
0.8067799834314979
0.7819574971672453
0.7481725776154781
0.742745596045342
0.7398584244373347
0.7529321015331727
0.7096271325473806
0.7607413043345201
0.693629676772094
0.7425453883293757
0.697878246114735
0.6967601818274455
0.6866046235821064
0.7584062955661081
0.7210333643322455
0.6880052079336102
0.7082983243308422
0.6809155942778847
0.6997925872259104
0.7518706624953773
0.711665705725194
0.6971328028321083
0.691146659236183
0.7463089974906303
0.7189848656280977
0.7328818685265901
0.7236976180009681
0.7535046984718755
0.6906021270454648
0.7558329237375214
0.6839105568356891
0.7279780575874626
0.6932785366787039
0.6863766997364917
0.7516408225246403
0.682174762399907
0.6867550079631272
0.762272904760167
0.7453340510433848
0.7232619759229115
0.6805605315815275
0.6837348395377512
0.8099255281733448
0.6528446599598279
1.24562765209592
0.623814962208877
0.6858929319191339
0.867469966810605
0.6461900878451433
0.7273076166394966
0.607800121874509
0.6417947087875311
0.6478262318575704
0.6943345557030058
0.5756514334337751
0.6044568176724899
0.5856061776326241
0.5634336729862675
0.5887206024379419
0.5806518762632105
0.606616069890924
0.6582968397978767
0.6629175850809803
0.6935532614337535
0.5568691988320451
0.5778161256553773
0.6601490863110622
0.6609567006545773
0.6228495341337801
0.6144901954970186
0.5812244328686242
0.5988888187129792
0.666439450603276
0.703293783532529
0.6074161387368217
0.5998776535027067
0.6286372881806075
0.6323931315582755
0.5902080330853451
0.7928804056961284
0.6658856790701998
0.6271097191404946
0.7880976708638803
0.5759365329320144
0.6677726326088035
0.6318149394557621
0.6639788297466804
0.6115803267577707
0.7455204096779567
0.6595041104530244
0.6644848007704904
0.8534033376517518
0.9871566106304266
0.6732517223246864
0.8556622822809506
0.772557060239147
0.8665963736535985
0.7972393867257919
0.7096984574642665
0.8687886384677038
0.8075377361153012
0.717410406631231
0.6983789854102948
0.6529580529931704
0.6440745086106953
0.649652302879185
0.6405217164466422
0.729104007493778
0.7184839343629037
0.6049918068742627
0.6505993614189354
0.8266078269916649
0.589564801514065
0.5878071526734403
0.6531010174199676
0.5696348963801305
0.6057954104590471
0.766528164513565
0.6848463336477348
0.6534747309203671
0.6208084161375167
0.5633841109393158
0.5843842957889389
0.6992113795666118
0.5961587199471894
0.6463907978717897
0.5865501553404868
0.6344525984420292
0.6024735225091787
0.6772351963924912
0.7064344015745825
0.6325252322187245
0.5883006732483023
0.6611374597106141
0.6493900207165259
0.6048397347768428
0.6669515661535677
0.7258680295418303
0.5926476871781092
0.5770163668334789
0.5942508399698795
0.649883580101404
0.6701413237807219
0.6290274997766632
0.6210723320286383
0.5815987533039194
0.6981650551413676
0.6070009334809267
0.5790305718731199
0.6441600350193251
0.6511099424696399
0.9130624961709897
0.8366731859900917
0.6411051323490896
0.8220421633396758
1.1438278705882614
0.7542774579798559
0.8038324756779931
0.7102708073890815
0.7233819525626902
0.6815857830972522
0.6934737250925248
0.6244434891342817
0.6132851899146693
1.0017263620340253
0.6933719810318273
0.6157545276868406
0.7655075323218152
0.5569389552636917
0.5813190241294333
0.588309942760207
0.5740135460171681
0.5816555453416096
0.5667643918914214
0.6050537648311605
0.57308072589572
0.5663933101552396
0.6193119550540084
0.7692171704867935
0.5745537772430953
0.633662968937562
0.5976058651390395
0.7135724284342919
0.6984897815814979
0.6292317403142681
0.6413897995053081
0.6014372422861157
1.0196041739949893
0.6416645994659024
0.62690153132524
0.6547521157352577
0.7548689267917329
0.8042051924513287
0.6619304280754783
0.8394425426620533
0.7655885417785714
0.6665042769083426
0.6712144873296537
0.6014836032954738
0.6057465702734048
0.6652463846585137
0.5697558642164596
0.6587258042950369
0.7254278655081323
0.7138343991359405
0.6748384463826632
0.6211096444268249
0.7518669134760466
0.6384825454284532
0.5735642060759661
0.721415472772639
0.6654843248710172
0.58277312646706
0.6128760282461546
0.5740542191826116
0.6151322737007346
0.6410076357394832
0.6432403809470099
0.6949670978066902
0.6303515816440272
0.6021744416170054
0.5974630211303424
0.5714649612694568
0.7344971972702652
0.6008773755177886
0.6270922556308606
0.7300946148216904
0.5856325584911791
0.5880478322430694
0.5648655170553476
0.6222111709518057
0.724994884861372
0.61921077341043
0.626499965000855
0.5638117409564242
0.5727524977414437
0.7682597010419375
0.6899705055322026
0.6300190534473205
0.5913026015030505
0.5827500892389306
0.7002697739785152
0.5673356660869242
0.7562125400670219
0.6632895092404003
0.6650829271707733
0.6801290746008749
0.747349055072409
0.7084257932651625
0.6563070115039469
0.6745719154305707
0.6514401301652144
0.7034130717045026
0.6675079459872381
0.6817033760338808
0.6202055739059653
0.6581281991655408
1.012251983546726
0.7030285598477596
0.6387685768144793
0.6421376068557604
0.6476543675594295
0.6818091713717872
0.6440376388513844
0.7035750106147197
0.6605077644682974
0.5831246280815046
0.6968414641244988
0.6133457658973684
0.6052129668930626
0.6239496107613929
0.7116880601376802
0.760622857715448
0.6820449049544872
0.5979210893512651
1.1209168666970892
0.722931760471706
0.6282231842099377
0.6414140809373938
0.7548538900606799
0.6683199793762288
0.7312290616398209
0.6713258417903396
0.699640332136595
0.6702398258002495
0.6229136361211021
0.9909235438861649
0.6387102102898945
0.6707555939677096
0.785480275593601
0.6215822764179563
0.695399114236135
0.6865768132764134
0.6921832089565398
0.768766681691531
0.7961825840081175
0.9382469636242935
0.6519588922343459
1.0283131035827757
0.6548534944662854
0.770616776386525
0.6349158659546903
0.6399852626671128
0.7862919538983277
0.7474934779651949
0.8130971744407712
0.7482963305753042
0.6439159790098731
0.6623295346482118
0.6411425135792069
1.0311557899832942
0.7058857220301611
0.654904373778132
0.6740063358678812
0.7343725924722734
0.5980439902358359
1.005853319358468
0.9770777982623372
0.6661925306461582
0.7846443368263113
0.6009017741909839
0.6561067395688909
0.6353155432218373
1.3009421382457445
0.6931814742426058
0.6846776262542709
1.203802057842315
1.457114756686306
1.041629130393234
0.7020257422327849
0.7710386022407679
0.7137527186227409
0.6868351556207593
0.7046907550380073
0.7126512656509923
0.6769291184311605
0.6886148726477128
0.7265975863721545
0.7025464636085292
0.6823796274453866
0.7014575340880188
0.6900906801893236
0.7486628336661689
0.7609483038403746
0.6942657303269858
0.7216182619111902
0.6746451851024293
0.688253177705301
1.3467603705556133
0.679727017487313
0.69881073594519
0.7719723998968827
0.7197056480203067
0.7123529662643074
0.8007912137052315
0.794066208267519
1.2228286187513129
0.6881491751917942
0.7495168675251578
0.943120686558106
0.7032067165532364
0.7201170543722244
0.6849274758278923
0.7059097032892031
0.7082159401086475
0.763578227917311
0.877663114734688
0.7227155753033438
0.815180567710369
0.7033258407559687
0.7208394987558725
0.708777916633557
0.7383948886404093
0.7192553415550411
0.772337594532248
0.7422009231224549
0.8278935543699565
0.7644606848505132
0.8138751049267663
0.7644721400838392
0.738613433591636
0.7567095112752192
0.7055862164691258
0.7301748039379902
0.7276256490832061
1.2374317321292332
0.7496657167219212
0.7913377074933784
1.0294725955850597
0.7288318844881638
0.7616771433568114
0.7672198785926103
1.1514006646757893
0.7296199532590804
0.7729466281507114
0.8035463070770348
0.7112315372939395
0.727472306997062
0.7297681320835988
0.8312709229504827
0.7644935350352816
0.725984542196995
0.6877983597509899
1.0062415093166925
0.7695965203922879
0.7749282159377459
0.6760566110363903
0.7761663960052209
0.6694623285497662
0.7424571338193674
0.6929011725368661
0.6988920293303085
0.8761540057058972
0.7051399977919387
0.7097606943039678
0.7850160573528707
0.6898018960986133
0.6678188294220853
0.8284381353608699
0.6878424693930943
0.7488539262857725
0.7490531085231235
0.6699179025376214
1.1877990665374871
0.7603753791206784
0.7645676407869335
0.6677070260377804
0.7040747947554132
1.0627735520350836
0.777143143392774
0.670163277018081
0.7083251112248625
0.7994585752172518
0.6941262690047388
0.6763294069430243
0.7139103566513291
0.7019601751070325
0.712031999552589
0.6424444458322595
0.6643785587955892
0.688623234996999
0.6942890277266248
0.7144871347138817
0.6556024741151445
0.6257968178678214
0.6579092632798464
0.6054242892814286
0.7451675579072792
0.9017164135127139
0.6565987498805559
0.6094260198778476
0.6920965682837933
0.7994423204194444
1.1744210384295743
0.6346668580590543
0.6361188995856295
0.633812308746384
0.6363933965998284
0.8454880379202041
0.6619483847095223
0.631290081741145
0.6784587200083255
0.6404714290372014
0.9963552045170684
0.6774209478589176
0.6896677855107086
0.6657514660906598
0.6887156214601806
0.7444576819176717
0.6460092814694511
0.6762316426083955
0.7192260283608093
0.9467406526899731
0.7395942660383893
1.0631112204745596
0.6696562679616008
0.7229654910713844
0.6390195529833322
0.78998864612688
0.7793740178251096
0.7496747776931026
0.7510216058185707
0.7079190704003077
0.6803683097551806
0.6605114236227415
0.7091836039617134
0.7398209400167334
0.8762417063002227
0.7291981960626236
0.7822554894930843
0.9351514455783347
0.9374296264736992
0.8037070017702937
0.8189228136094903
0.9861173724960617
0.7400659973795695
0.7425802868335192
0.7519200874838797
0.7624884614156836
0.7121837401051981
0.6242105632853777
0.7450656331636344
0.6462030539862555
1.276226035821585
0.677580736615906
0.6008404023414514
0.6230795823544354
0.6945557033410016
0.6462723232900041
0.6268050588199964
0.6758170014683612
0.6712847243151085
0.6967342049615195
0.6955330542719872
0.6789446430541117
0.6352361948321401
0.6308520003118719
1.0367188820535838
0.6689394579803645
0.6527112455127292
0.6762053134471476
0.6666816900497251
0.6722316472006077
0.6841813434736896
0.8350799809061323
0.8055112488158012
0.7048025070633627
0.6577271166259865
0.7789109371989151
0.7092493602978253
0.7481588430187404
0.7361111660337184
0.6506940308708862
0.6175817426312227
0.7536778188566222
0.7351780150448067
0.6568565400140123
0.7063863561418264
0.6454579873271957
0.8589862139664142
0.6490132097863441
0.6615247373649434
0.6190285805856627
0.6756873590660658
0.6886352949599375
0.9187257591827542
0.6760833295073176
0.6821627482157041
1.2659224473572694
0.9496624488783146
0.7695376359675156
1.5926438607814457
0.8188966289294553
0.731972989932279
0.8453804742057761
0.6517385180588771
0.7485512552505967
0.6592372206297261
0.653311729538153
0.6931300706453608
0.6878904540691924
0.7305408372061009
0.7445834705688151
0.7872386059587807
0.7647998802687234
0.6973678230334637
0.7172115690553815
0.6714754965961391
0.7741389911768494
0.9227730181947443
0.7340885082629549
0.6940443429189054
0.8166246479571658
0.7112703051117971
0.7765546016284629
0.7542970568631233
0.847207516208336
0.8110500709333509
0.8106242145510588
0.9462268136775497
0.7530831052018335
0.9178713417013347
0.761392020998886
0.8179274045179296
0.7939878238384287
0.7362844422781454
0.6930894966194715
0.7498484766734584
1.0327287156421978
0.7120015974436014
0.6977311488192164
0.868846340793345
0.7110131912137365
0.7775828064879446
0.7194161287445626
0.7202994659854401
0.7535196832324209
0.7470972194749607
0.8063214425395193
0.7425854524667291
0.7732594873027904
0.8319521142117254
0.6921130873214015
0.6959750952839578
0.6921178626970617
0.7469601508617874
0.7363635026622678
0.6790684477711596
0.714610176456602
0.7125777197627229
1.0795343074245052
0.9026280853879135
0.9638437516382246
0.7522036701854303
0.7409356420846679
0.7414431950419811
0.6935983853257468
1.2143424093428572
0.7193830188116368
0.6891291743396019
0.9450893716070372
0.8346455386455729
0.8544005287246248
0.7631712846792132
0.8265685735698053
0.7562615569266989
0.7580241524774926
0.765249282028094
0.6286959452869951
0.7688726947710184
0.6554713684750041
0.7367528510926387
0.677616526943296
0.6205373746550169
0.6388755183774663
0.9403048605330461
0.7109683366508543
0.5968920660218934
0.7377527032931692
0.7857942665793438
0.7826956111895568
0.6053325215710138
0.6590505838571797
1.1472589870153367
0.6862893896075389
0.800591933302059
0.6497572555171554
0.8097442542587268
0.6323620961127355
0.850656212694233
0.6340172863633905
0.8271002367280296
0.6388167252974656
0.642421257476248
0.657298255135206
0.70061841190843
1.082049646968144
0.7053673272866376
0.7279718506773312
0.702227536131968
0.668956034807272
0.7642192670395024
0.6332353112003665
0.6357562073497374
0.7244689047381226
0.6282356674238139
0.7943292186845143
0.6452827222706583
0.7301614634758402
0.8778798136297309
0.6663299395105082
0.7316137837367258
0.6476787541630216
0.9600781928288356
1.0072409827246127
0.6963869956010673
0.7617624528340544
0.9212007647433217
0.6568811702332571
0.6273957847448158
0.6163775325364602
0.729046717416039
0.6688966258161101
0.6033256917994374
0.6110383851976886
0.6770084971087827
0.7454604644564254
0.631152853510881
0.6580221305130133
0.6331303157891426
1.038233670363337
0.6333960951002773
0.600324880643573
0.6539954025995047
0.615525776492001
0.8163758027192937
0.8547687479628236
0.6999257018547258
0.628799141468324
0.706097734915999
0.6209153027818707
0.5990211160569687
0.6675022617287714
0.6228895929830052
0.6097124512373863
0.6669700504848914
0.6600570477630596
0.622282062372248
0.6281457012539556
0.6152135012120775
0.6146730777081407
0.6705623411004049
0.6312283538765117
0.6083756029916106
0.6018346205488219
0.6710088173775608
0.6641682310010201
0.6471648519259768
0.9203855353145817
0.6244182953024693
0.7626535641767718
0.6284193974760246
0.6334980811616846
0.6307693698493911
0.6323885977565844
0.6399908206111696
0.5828453733813593
0.8191116847799825
0.6704950660343578
0.5743614439863007
0.6631526470492962
0.9792409765876632
0.6461245405143516
0.7998773624207358
0.8855476034011558
0.5972273465494147
0.7082909319589249
0.6914957207276199
0.7854771483858725
0.6948726202648273
0.7099972559387072
0.6901857455867112
0.743845959900422
0.6598927507744863
0.5987087207442521
0.6368856120123102
0.6269119404191783
0.6234083470893262
0.7997870461344491
0.6088011471192402
0.6178451734782234
0.7984012197528206
0.6303211365922964
0.7145643100588758
0.6080673131294656
0.6056788117821641
0.5924961489658106
0.6523734748705636
0.6258721471336224
0.6458081812418721
0.6107540589364497
0.6268947802973088
0.6109906509844165
0.7419756993711639
0.694037685762525
0.6967189144103034
0.6516872751132451
0.756050584230181
0.931397345139823
0.7774655927236146
0.7613138457953595
0.9159592974563338
0.8686141284282619
0.7584990400266046
0.7098637557336284
0.8532380951106542
0.8181413373418329
0.7330977610592506
0.7111849583103286
0.7517360031695077
0.660576287984924
0.6470009295221923
0.7498672563568491
0.6807624045990106
0.63538176743297
0.6724887348310932
0.6566215771790331
0.6310793563381597
0.6785118503022342
0.7240112682948621
0.6218531397372924
0.699791573385737
0.6744738598472926
0.8266967910606102
0.72165137713995
0.7831181423797603
0.5759817697060087
0.6436381823190915
0.5973161242004768
0.6648219657810417
0.6790077886057819
0.5916050318425822
0.6041480045990896
0.620998813557875
0.8189441696213496
0.7375361420748769
0.6313882847403646
0.5724035449487129
0.6436450802371425
0.7110855657789357
0.6777304025863171
0.5747189051052114
0.6118771286408878
0.6083047703291868
0.8392257832290884
0.585092613996614
0.6320501419316156
0.6805227802054594
0.593563279787686
0.613920376837906
0.6274941923714623
0.7486060724953066
0.5821524108973434
0.6109015560750765
0.6156652507254964
0.7515714801261715
0.6949444514394312
0.5933698238382055
0.6567707874158321
0.6544894649936808
0.6044673939705516
0.6895760029697754
0.6911668454057605
0.606913283846346
0.6325745454082135
0.6552806443080735
0.5712416363924234
0.6527161557477636
0.6014856964615447
0.8523252224041228
0.6151656917539966
0.6422494009179397
0.616713526096347
0.7060358462907541
0.5955028931531995
0.666280111584024
0.5839561781952698
0.8141067268796152
