1.5064145094896776e10
1.5254520981839705e10
1.602080986126763e10
1.5572826781413609e10
1.5552917929298428e10
1.5757610159865108e10
1.5288808708739124e10
1.5691399083022795e10
1.545383264454308e10
1.5366014909188084e10
1.533587411383517e10
1.5498926963769917e10
1.555617260728928e10
1.560689398494795e10
1.5656645190807102e10
1.5295478940394598e10
1.5450825860830221e10
1.5084946937035898e10
1.5301175026773718e10
1.5055225725393131e10
1.5562217753831173e10
1.4620055243094006e10
1.4267685106753538e10
1.4648899294445333e10
1.4626124741362375e10
1.4735366214601921e10
1.4558641371036024e10
1.4459824004485708e10
1.4967522249603344e10
1.4453011950594744e10
1.4443561544253538e10
1.4033138038888638e10
1.4161621693822666e10
1.4082119564956774e10
1.4022090550655539e10
1.3906871154754421e10
1.3967469270955088e10
1.4044512735554451e10
1.383707664411468e10
1.3843932287397995e10
1.399510073493444e10
1.4048318714784752e10
1.3473567005967918e10
1.3388085867654062e10
1.3589195588898886e10
1.3282805420525597e10
1.3094275413586758e10
1.3090736914319792e10
1.3118490661959383e10
1.3345034339469492e10
1.3296740114374058e10
1.3086005581337023e10
1.3384582945117418e10
1.3158259744354403e10
1.3246169829437096e10
1.3094788330777725e10
1.301096584358578e10
1.310588197987838e10
1.3105876309706972e10
1.3403626423599009e10
1.2497145974123571e10
1.2768924820739363e10
1.260071778133578e10
1.3014460848995413e10
1.2763098857255074e10
1.2167176772839237e10
1.2597019743402773e10
1.258210977394988e10
1.2223360276078796e10
1.2661416888090893e10
1.1273215686778845e10
1.2219257147033804e10
1.1782028305542463e10
1.1702491121580828e10
1.1966652150002897e10
1.0910467472749311e10
1.222978144601612e10
1.0944925235662914e10
1.0796037463054401e10
1.1206243588652374e10
1.0806541095357712e10
1.0874520145256577e10
9.400846624298674e9
1.1332492627346346e10
1.0947730662422733e10
1.0296770045321758e10
1.0841897055073921e10
9.430200974070768e9
9.989734952600813e9
1.0142470033483147e10
1.001817517558344e10
1.0276954431747755e10
9.747791521273699e9
9.353281244323696e9
9.114125224830276e9
9.271261461425152e9
9.31999510087142e9
1.071331100157901e10
8.1096607426554165e9
1.002936333537435e10
1.0383063880906605e10
8.761670649241806e9
8.351195248214637e9
8.605207137887625e9
9.420720666803057e9
8.4001256839749775e9
8.253348872183487e9
8.546091151979907e9
8.387271528786772e9
8.927636210830442e9
8.771588850767815e9
1.287952653826646e10
9.571767115367668e9
8.525004656842359e9
8.597257795763548e9
9.446697115182547e9
9.601115290466797e9
8.768392525754784e9
1.1043276796455265e10
1.0067628328230501e10
9.284307844128426e9
9.094049791795803e9
1.0160644079102978e10
8.45610627233967e9
9.508089562184763e9
8.302837874814561e9
8.127489992664385e9
8.316679043760085e9
8.074256585117869e9
8.706997714817265e9
1.1744963971870205e10
9.001462331622543e9
8.691716948591251e9
1.9372110551904602e10
9.032488960323923e9
1.1044529892572206e10
9.662319533183916e9
7.963222214534742e9
8.883225202314554e9
8.658679191209822e9
7.828986318070993e9
7.838031018718149e9
1.1671066826070368e10
1.1724978842715553e10
8.781199180351433e9
7.828896352759049e9
1.1060814421418062e10
9.57934029571972e9
1.1892173524158884e10
1.0235906735637854e10
9.312212731727467e9
1.1735917356695234e10
1.0604424861713758e10
8.837203244076601e9
8.517116753614309e9
7.702723902952317e9
2.0064331848792164e10
8.875629278728292e9
1.558367717661178e10
7.882454920754172e9
8.242329900526267e9
8.026589240246152e9
9.247532315220947e9
9.226261265619022e9
8.084153569170737e9
9.900515416987782e9
9.309498628309591e9
8.441027052435564e9
8.406066910215513e9
7.9568070197908535e9
8.132294365390055e9
8.13555687336299e9
1.0326369822464188e10
8.45615522738911e9
7.628669571508509e9
9.043697530189526e9
8.889541693007345e9
7.724980462383767e9
8.228689525172049e9
1.08831845828867e10
9.464729493397228e9
7.653831377313702e9
7.897037483822351e9
8.519048213822755e9
8.769063205240402e9
8.067215758820228e9
8.641928604980684e9
1.2879559369974665e10
9.026703850472908e9
9.16244410807472e9
8.833509353086926e9
1.2000798382747314e10
9.854553056252197e9
1.0291738793999464e10
7.523929555386646e9
8.452737122269232e9
7.606922524769049e9
9.822100232953135e9
7.992646427528262e9
8.754779502301287e9
8.278488324339424e9
8.034572299028115e9
8.06267493962457e9
1.6547173879414646e10
7.28080790900285e9
7.245938256225585e9
8.486652977133565e9
1.2856989449803364e10
7.143505311008275e9
1.6724068375121801e10
9.185595689862562e9
