4.923740851147449e11
3.5278460916941016e11
3.200732782578503e11
3.369891532069272e11
3.0731554600678937e11
3.030641567585153e11
2.902980917872218e11
2.9499678814025653e11
2.6517477024384454e11
2.924148402662924e11
2.6317329813371207e11
2.4369892974744766e11
2.417403286575903e11
2.291014485331553e11
2.6101818285390448e11
2.1127337860698212e11
2.3109836410481396e11
2.3788469331125186e11
2.258565119815761e11
2.1552176894185986e11
2.086377011502895e11
2.1047009566424573e11
1.966910558146402e11
1.8018052993213153e11
1.8315842466396448e11
1.7245237130740375e11
1.406877099878053e11
1.3786455921419437e11
1.394947067557383e11
1.3127104852463669e11
1.1853759325278448e11
1.028827398033819e11
1.0956968030730319e11
9.286670256742548e10
9.329278783400519e10
9.043535339138715e10
9.532353578675755e10
9.36572524253025e10
9.48961259662876e10
9.22698329402593e10
1.0458163933492384e11
8.748820949803119e10
9.401125574776524e10
8.374143088199648e10
1.016399709645713e11
6.667605399813473e10
6.832110098047772e10
7.817485804019939e10
7.647254434248625e10
6.439613673730418e10
6.035202803037139e10
4.9108679340985245e10
5.688525203035754e10
4.933754545559968e10
5.306161803221537e10
5.956332062158031e10
4.6363678927604614e10
4.870594153159822e10
4.646516337866552e10
4.469603085408185e10
4.484956190241505e10
4.329352942851171e10
4.0241867872890564e10
3.531908883959527e10
3.903310916451869e10
3.5421140039455864e10
3.8548378434608116e10
3.0933644853731922e10
3.262925443651008e10
3.3603950594135548e10
3.551376946915692e10
3.108454181707474e10
2.8558220439341026e10
3.0363310824730305e10
2.6496560462499054e10
2.9427200783603745e10
2.479216456108047e10
2.396712897880813e10
2.4090743097831097e10
2.7101442230700962e10
2.0318786813229088e10
1.955261049744833e10
1.9882073033235615e10
2.0300044243879128e10
2.1147922623548138e10
1.9353651252460655e10
2.153342271709366e10
1.8675225639423298e10
1.7490529862203613e10
1.660284680143744e10
1.645901685348363e10
1.7424776161677086e10
1.6398575748562567e10
1.786623926951172e10
1.6587431543927406e10
1.6247027910736954e10
1.7425622113590557e10
1.6197539630869913e10
1.5701363622599463e10
1.777004708997201e10
1.5172141189854582e10
1.592191307373574e10
1.5646613388663042e10
1.6038738808782791e10
1.5520695396233816e10
1.578100474664912e10
1.5588425203121078e10
1.6381366672614077e10
1.5109663760512869e10
1.5233871758217827e10
1.497452741276893e10
1.5460462676356209e10
1.5355544615605139e10
1.4917862738084637e10
1.4962714130287046e10
1.5072530929460726e10
1.5083000919434477e10
1.518028924999756e10
1.5093515102058258e10
1.503146386889854e10
1.5052701148805038e10
1.4955147148495808e10
1.5043956751253784e10
1.5172158250665031e10
1.5537094602290144e10
1.5864054000195002e10
1.5695415605697906e10
1.5524240779193167e10
1.522271620589725e10
1.528723541282039e10
1.5177920466298666e10
1.5216776031457611e10
1.5107176420773333e10
1.53211709812014e10
1.5121514914481197e10
1.5070254220615498e10
1.5299915272202276e10
1.5168071411299593e10
1.5204231251931297e10
1.5184249301453648e10
1.5190328053137726e10
1.5263863120345743e10
1.548752332703791e10
1.5237971204380157e10
1.5611188038208294e10
1.5136651830079102e10
1.5146766183704008e10
1.5123992329249424e10
1.5560575846870144e10
1.5051807250076578e10
1.5322213730512531e10
1.5090152697322527e10
1.5024356849048655e10
1.521404291763701e10
1.5674040664434902e10
1.5012937065637821e10
1.508058059881162e10
1.5496608534234142e10
1.4973035891157711e10
1.4987043950607298e10
1.4870974648632792e10
1.4956158513402176e10
1.5102636837082596e10
1.5001093302211422e10
1.493194572028611e10
1.5189363239712982e10
1.5627786117434635e10
1.5019920825551807e10
1.4983817840117186e10
1.5111228530600693e10
1.511158306586018e10
1.5126929733572382e10
1.5038086809188263e10
1.536328622410463e10
1.5028315200835115e10
1.5011714224982088e10
1.5029234168697721e10
1.5342542629178026e10
1.4978774451405712e10
1.5415321829503777e10
1.5071654415732132e10
1.4981785228408504e10
1.5250981393309376e10
1.5268396528942116e10
1.5339703001031252e10
1.5001811597329998e10
1.5110412535827698e10
1.5027867356513134e10
1.5113052094865816e10
1.4989728391332214e10
1.5005132289274761e10
1.5126020146185675e10
1.5081666976020927e10
1.521266238578848e10
1.510356839015677e10
1.5153509564390383e10
1.5181676526097675e10
1.5035300373348047e10
1.5030191731888994e10
1.4981286859135454e10
1.5050589690684374e10
1.5716614212870731e10
1.545882715042329e10
1.5235288050416815e10
1.5210577522203314e10
1.5037658397195446e10
1.5190040390565918e10
1.5088238631508945e10
1.5038087735080666e10
1.502463551092527e10
1.5215572398607986e10
