---------------------------------------------------
1
295.788330078125
Real: 615.1077512875958
duration_parameter = 4.8874624874958315
susceptibility_parameters = [3.100700233411137, 5.6868956318772925, 2.6315438479493167, 7.9533177725908635, 2.1180393464488163, 6.030010003334445, 5.789596532177392]
temperature_parameters = [-0.8280126708902968, -0.8478192730910303, -0.3823641213737913, -0.039379793264421425, -0.33317772590863626, -0.5038446148716238, -0.33878959653217733]
immune_memory_susceptibility_levels = [0.9024674891630544, 0.6168722907635878, 0.75891963987996, 0.6272090696898966, 0.515838612870957, 0.9726575525175059, 0.5363454484828276]
mean_immunity_durations = [190.18972990997, 284.133044348116, 105.7669223074358, 160.13704568189397, 347.2207402467489, 323.8209403134378, 189.84561520506836]        
random_infection_probabilities = [0.0019063021007002334, 0.0006982327442480827, 0.000346648882960987, 1.122207402467489e-5]
---------------------------------------------------

---------------------------------------------------
2
335.9312744140625
Real: 392.9683907975397
duration_parameter = 3.626208736245415
susceptibility_parameters = [3.644548182727576, 5.469823274424808, 7.341780593531177, 7.675558519506502, 6.6345448482827605, 2.7739246415471825, 5.670556852284094]   
temperature_parameters = [-0.9174724908302767, -0.4513571190396799, -0.011320440146715516, -0.7926908969656552, -0.9858052684228076, -0.9976892297432477, -0.2671557185728576]
immune_memory_susceptibility_levels = [0.6845615205068356, 0.9578192730910303, 0.5445148382794265, 0.58702900966989, 0.7432477492497499, 0.6233744581527175, 0.924808269423141]
mean_immunity_durations = [317.28276092030677, 122.28442814271423, 112.41980660220074, 58.16438812937646, 310.8592864288096, 319.23274424808267, 75.71423807935979]   
random_infection_probabilities = [0.0013857952650883627, 0.0007625875291763921, 0.00033044348116038685, 8.721240413471157e-6]
---------------------------------------------------

---------------------------------------------------
3
336.7462158203125
Real: 466.71928668448754
duration_parameter = 4.05135045015005
susceptibility_parameters = [5.840946982327442, 3.8452817605868623, 6.989329776592197, 6.627542514171391, 7.911303767922641, 6.0953651217072355, 6.72324108036012]    
temperature_parameters = [-0.855081693897966, -0.9996698899633211, -0.5583127709236413, -0.03475825275091704, -0.4698432810936979, -0.16911303767922647, -0.02419473157719243]
immune_memory_susceptibility_levels = [0.8439479826608869, 0.9853284428142715, 0.6642214071357119, 0.9571523841280427, 0.7520840280093364, 0.5248416138712905, 0.8547849283094364]
mean_immunity_durations = [309.8269423141047, 349.05601867289096, 309.48282760920307, 202.1190396798933, 360.41180393464487, 197.3014338112704, 45.546848949649885]   
random_infection_probabilities = [0.001175725241747249, 0.0005903634544848282, 0.0002849283094364789, 1.4376458819606534e-5]
---------------------------------------------------

---------------------------------------------------
4
357.79681396484375
Real: 558.9564346486993
duration_parameter = 3.8404468156052016
susceptibility_parameters = [4.3027675891963995, 7.547182394131377, 2.300100033344448, 6.618206068689563, 7.017339113037679, 5.0403467822607535, 2.923307769256419]   
temperature_parameters = [-0.16218072690896967, -0.26781593864621533, -0.8692764254751584, -0.9808536178726242, -0.9838246082027342, -0.6134411470490164, -0.18132710903634552]
immune_memory_susceptibility_levels = [0.5995331777259086, 0.5320106702234078, 0.5793597865955319, 0.8131043681227076, 0.8366122040680226, 0.8587862620873625, 0.8087695898632878]
mean_immunity_durations = [265.78026008669553, 246.73924641547183, 347.56485495165055, 248.68922974324775, 166.675225075025, 247.19806602200734, 231.02467489163055]  
random_infection_probabilities = [0.0017702567522507504, 0.0008529509836612204, 0.0004057685895298433, 5.8636212070690235e-6]
---------------------------------------------------

---------------------------------------------------
5
376.91180419921875
Real: 336.2130511845938
duration_parameter = 4.457319106368789
susceptibility_parameters = [2.9559853284428144, 4.0530176725575195, 4.517505835278426, 4.109036345448483, 1.2240746915638545, 3.5348449483161053, 5.577192397465822] 
temperature_parameters = [-0.7784961653884628, -0.24800933644548184, -0.9392597532510837, -0.8663054351450483, -0.33086695565188395, -0.45201733911303765, -0.3381293764588196]
immune_memory_susceptibility_levels = [0.8552850950316773, 0.5478492830943648, 0.8234411470490164, 0.7880960320106702, 0.5635211737245749, 0.5421807269089697, 0.5008336112037346]
mean_immunity_durations = [71.58486162054018, 116.43447815938646, 95.78759586528842, 219.2100700233411, 350.4324774924975, 355.594198066022, 352.4971657219073]       
random_infection_probabilities = [0.0014268089363121041, 0.0009429809936645549, 0.00047149049683227744, 1.2945981993997998e-5]
---------------------------------------------------

---------------------------------------------------
6
384.5365905761719
Real: 607.0180325844001
duration_parameter = 4.429809936645548
susceptibility_parameters = [2.209069689896632, 5.79893297765922, 3.180060020006669, 7.124708236078693, 4.179059686562187, 4.694898299433144, 6.030010003334445]      
temperature_parameters = [-0.8606935645215071, -0.01396132044014664, -0.5226608869623208, -0.01561187062354119, -0.5635945315105035, -0.9372790930310103, -0.7804768256085362]
immune_memory_susceptibility_levels = [0.7957652550850283, 0.7029009669889963, 0.5390130043347783, 0.9833277759253085, 0.8931310436812271, 0.9258086028676226, 0.6227075691897299]
mean_immunity_durations = [293.08002667555854, 266.12437479159723, 91.42880960320106, 322.78859619873293, 324.16505501833944, 341.0266755585195, 206.70723574524843]  
random_infection_probabilities = [0.0014334778259419807, 0.0007787595865288429, 0.00027822607535845284, 9.788262754251416e-6]
---------------------------------------------------

---------------------------------------------------
7
408.0904541015625
Real: 618.9207606250737
duration_parameter = 4.193064354784928
susceptibility_parameters = [7.540180060020007, 4.018006002000667, 5.168722907635878, 5.02867622540847, 1.0443481160386796, 7.880960320106702, 2.7949316438812937]    
temperature_parameters = [-0.4094331443814605, -0.8283427809269757, -0.6193831277092364, -0.11893631210403466, -0.9920773591197065, -0.38335445148382796, -0.2754084694898299]
immune_memory_susceptibility_levels = [0.7567522507502501, 0.9509836612204068, 0.5293431143714572, 0.7582527509169723, 0.7187395798599533, 0.7892630876958986, 0.9503167722574191]
mean_immunity_durations = [125.15205068356119, 285.28009336445484, 281.380126708903, 185.83094364788263, 304.32110703567855, 362.0176725575192, 348.94131377125706]   
random_infection_probabilities = [0.0011260420140046684, 0.0009168056018672891, 0.0004241747249083028, 1.2365788596198733e-5]
---------------------------------------------------

---------------------------------------------------
8
415.4747314453125
Real: 434.8313858490731
duration_parameter = 4.58486162054018
susceptibility_parameters = [3.3574524841613873, 5.6075358452817605, 4.760253417805935, 6.1513837945982, 2.4401467155718572, 6.002000666888963, 5.325108369456485]    
temperature_parameters = [-0.4104234744914972, -0.3420906968989663, -0.21895965321773925, -0.8220706902300767, -0.7213871290430143, -0.4619206402134044, -0.7441647215738579]
immune_memory_susceptibility_levels = [0.7289096365455152, 0.727242414138046, 0.7899299766588863, 0.8404468156052017, 0.5063354451483828, 0.932810936978993, 0.9338112704234744]
mean_immunity_durations = [156.351783927976, 131.00200066688896, 256.83327775925306, 271.1713904634878, 359.2647549183061, 52.42914304768256, 157.61353784594866]     
random_infection_probabilities = [0.0015575191730576859, 0.0005223407802600867, 0.00029593197732577525, 5.516838946315439e-6]
---------------------------------------------------

---------------------------------------------------
9
417.696533203125
Real: 585.0884676906538
duration_parameter = 4.126375458486162
susceptibility_parameters = [6.998666222074025, 7.9276425475158385, 6.317105701900633, 7.883294431477159, 1.4738246082027342, 4.134711570523508, 3.350450150050017]   
temperature_parameters = [-0.10573191063687903, -0.6840846948982995, -0.5196898966322108, -0.8144781593864622, -0.9861353784594865, -0.453997999333111, -0.36948982994331436]
immune_memory_susceptibility_levels = [0.8681227075691897, 0.5133377792597532, 0.8149383127709237, 0.6770590196732245, 0.9293097699233077, 0.6238746248749583, 0.918972990996999]
mean_immunity_durations = [78.69656552184061, 327.72090696898965, 273.80960320106703, 193.40146715571856, 320.9533177725909, 164.1517172390797, 220.12770923641213]   
random_infection_probabilities = [0.0016668889629876625, 0.0005931977325775258, 0.000383461153717906, 1.3182727575858621e-5]
---------------------------------------------------

---------------------------------------------------
10
418.0973815917969
Real: 527.8527436161139
duration_parameter = 3.878792930976992
susceptibility_parameters = [7.3744581527175725, 2.2464154718239415, 7.108369456485495, 3.9059686562187395, 7.782927642547516, 2.661887295765255, 4.190730243414471]  
temperature_parameters = [-0.3104001333777926, -0.5038446148716238, -0.025185061687229116, -0.5358652884294764, -0.10177059019673229, -0.32492497499166395, -0.5163887962654219]
immune_memory_susceptibility_levels = [0.5386795598532844, 0.5041680560186729, 0.5965321773924641, 0.5226742247415805, 0.8454484828276092, 0.6565521840613537, 0.557519173057686]
mean_immunity_durations = [245.13337779259754, 261.07735911970656, 232.63054351450484, 200.85728576192065, 30.06168722907636, 67.68489496498833, 319.46215405135047]  
random_infection_probabilities = [0.001901300433477826, 0.0009678226075358453, 0.00030663554518172727, 6.42380793597866e-6]
---------------------------------------------------

---------------------------------------------------
11
419.59466552734375
Real:
duration_parameter = 4.529009669889963
susceptibility_parameters = [6.760586862287429, 6.8329443147715905, 5.306435478492831, 3.590863621207069, 5.068356118706236, 5.717239079693231, 4.671557185728576]    
temperature_parameters = [-0.25065021673891286, -0.5665655218406136, -0.07305101700566852, -0.01693231077025681, -0.7032310770256752, -0.29686562187395804, -0.2658352784261421]
immune_memory_susceptibility_levels = [0.9728242747582527, 0.9938312770923641, 0.6355451817272424, 0.6388796265421808, 0.7170723574524842, 0.7935978659553184, 0.6688896298766256]
mean_immunity_durations = [129.74024674891632, 29.717572524174727, 96.13171057019007, 200.97199066355452, 354.5618539513171, 243.41280426808936, 327.83561187062355]
random_infection_probabilities = [0.0019993331110370123, 0.0009259753251083695, 0.00028672890963654554, 7.857619206402135e-6]
---------------------------------------------------

---------------------------------------------------
12
427.16168212890625
Real:
duration_parameter = 4.658219406468823
susceptibility_parameters = [4.060020006668889, 2.500833611203735, 1.298766255418473, 4.6972324108036005, 2.416805601867289, 4.930643547849283, 6.396465488496165]    
temperature_parameters = [-0.20938646215405132, -0.5097865955318439, -0.4166955651883961, -0.9726008669556518, -0.7613304434811604, -0.8653151050350116, -0.07140046682227408]
immune_memory_susceptibility_levels = [0.7565855285095031, 0.8424474824941648, 0.5388462820940313, 0.7449149716572191, 0.9076358786262088, 0.7614204734911637, 0.5508502834278093]
mean_immunity_durations = [171.14871623874626, 103.12870956985662, 35.338112704234746, 326.1150383461154, 186.9779926642214, 206.70723574524843, 47.152717572524175]  
random_infection_probabilities = [0.0015618539513171056, 0.0008409469823274424, 0.00047879293097699235, 1.3336112037345783e-5]
---------------------------------------------------

---------------------------------------------------
13
431.0744323730469
Real:
duration_parameter = 4.7824274758252745
susceptibility_parameters = [5.220073357785929, 7.936978992997666, 1.3267755918639548, 7.670890296765588, 5.68922974324775, 4.179059686562187, 5.558519506502168]     
temperature_parameters = [-0.3513337779259753, -0.64216072024008, -0.42032677559186393, -0.5124274758252751, -0.7128042680893631, -0.027165721907302376, -0.2556018672890964]
immune_memory_susceptibility_levels = [0.5268422807602534, 0.9298099366455486, 0.9531510503501167, 0.9619873291097032, 0.8637879293097699, 0.6498832944314772, 0.5273424474824941]
mean_immunity_durations = [208.54251417139045, 127.56085361787262, 225.17472490830278, 330.47382460820273, 88.10236745581861, 308.67989329776594, 145.68422807602536] 
random_infection_probabilities = [0.0013097699233077693, 0.0007439146382127376, 0.00032614204734911635, 9.668222740913638e-6]
---------------------------------------------------

---------------------------------------------------
14
435.60748291015625
Real: 
duration_parameter = 4.9749916638879625
susceptibility_parameters = [3.9713237745915304, 3.761253751250417, 3.0866955651883963, 7.822607535845282, 1.4364788262754251, 3.0050016672224076, 4.4334778259419805]temperature_parameters = [-0.09714904968322768, -0.4731443814604869, -0.7880693564521507, -0.2929043014338113, -0.2836612204068022, -0.6735211737245749, -0.882810936978993]
immune_memory_susceptibility_levels = [0.6942314104701567, 0.8252750916972325, 0.7894298099366455, 0.9978326108702901, 0.8707902634211404, 0.9981660553517839, 0.9794931643881294]
mean_immunity_durations = [167.36345448482828, 181.3574524841614, 147.06068689563187, 212.67189063021007, 262.9126375458486, 176.53984661553852, 131.46082027342447]  
random_infection_probabilities = [0.0011590530176725576, 0.0006262087362454152, 0.00036855618539513173, 1.2289096365455152e-5]
---------------------------------------------------

---------------------------------------------------
15
440.71844482421875
Real:
duration_parameter = 4.523174391463821
susceptibility_parameters = [4.148716238746249, 6.566855618539513, 4.589863287762587, 4.081027009003002, 7.050016672224075, 2.73891297099033, 7.8972990996999]        
temperature_parameters = [-0.03343781260420142, -0.22721240413471155, -0.8190996998999667, -0.6481027009003002, -0.15029676558852956, -0.2740880293431145, -0.33086695565188395]
immune_memory_susceptibility_levels = [0.5133377792597532, 0.7512504168056019, 0.824274758252751, 0.6028676225408469, 0.8939646548849616, 0.9903301100366788, 0.9646548849616539]
mean_immunity_durations = [245.59219739913306, 92.11703901300433, 203.03667889296432, 48.64388129376459, 86.95531843947983, 180.66922307435811, 96.93464488162721]    
random_infection_probabilities = [0.0019219739913304435, 0.0008189396465488497, 0.0003162387462487496, 1.2072357452484162e-5]
---------------------------------------------------

---------------------------------------------------
16
458.6561584472656
Real:
duration_parameter = 4.625708569523175
susceptibility_parameters = [2.5521840613537847, 5.383461153717906, 6.275091697232411, 7.194731577192398, 2.89296432144048, 5.075358452817606, 4.018006002000667]     
temperature_parameters = [-0.3929276425475159, -0.6913471157052351, -0.33911970656885626, -0.12718906302100697, -0.2826708902967656, -0.6233444481493832, -0.047962654218072776]
immune_memory_susceptibility_levels = [0.8254418139379793, 0.6715571857285763, 0.7824274758252752, 0.9609869956652217, 0.7182394131377126, 0.8514504834944981, 0.9981660553517839]
mean_immunity_durations = [216.80126708902966, 356.6265421807269, 294.2270756918973, 329.0973657885962, 103.93164388129377, 211.98366122040682, 107.83161053684562]   
random_infection_probabilities = [0.0012420806935645216, 0.0007105701900633545, 0.0002304101367122374, 7.310770256752251e-6]
---------------------------------------------------

---------------------------------------------------
17
460.348388671875
Real:
duration_parameter = 3.8071023674558186
susceptibility_parameters = [6.91463821273758, 3.917639213071024, 6.970656885628543, 4.256085361787262, 6.963654551517172, 1.1353784594864955, 4.963321107035679]     
temperature_parameters = [-0.8379159719906636, -0.045981993997999404, -0.7755251750583527, -0.7250183394464822, -0.9884461487162387, -0.32822607535845283, -0.14666555518506164]
immune_memory_susceptibility_levels = [0.9384794931643881, 0.6868956318772924, 0.8312770923641214, 0.5361787262420807, 0.8726242080693565, 0.8611203734578192, 0.7364121373791264]
mean_immunity_durations = [333.6855618539513, 165.41347115705236, 118.49916638879627, 140.29309769923307, 80.99066355451816, 78.92597532510837, 50.02034011337112]    
random_infection_probabilities = [0.0015815271757252418, 0.0006732244081360454, 0.0004366788929643215, 6.467155718572858e-6]
---------------------------------------------------

---------------------------------------------------
18
460.74951171875
Real:
duration_parameter = 4.531510503501167
susceptibility_parameters = [3.541847282427476, 5.754584861620541, 4.937645881960654, 6.030010003334445, 2.829943314438146, 4.291097032344115, 2.909303101033678]     
temperature_parameters = [-0.787409136378793, -0.3011570523507836, -0.1555785261753918, -0.03244748249416474, -0.10375125041680566, -0.11893631210403466, -0.2727675891963989]
immune_memory_susceptibility_levels = [0.6875625208402801, 0.7754251417139046, 0.9833277759253085, 0.8627875958652884, 0.6642214071357119, 0.9554851617205735, 0.8957985995331778]
mean_immunity_durations = [70.09369789929977, 287.000666888963, 77.32010670223409, 354.3324441480494, 327.9503167722574, 301.2240746915638, 43.826275425141716]       
random_infection_probabilities = [0.0018326108702900966, 0.0008839613204401467, 0.00022230743581193733, 1.0011670556852284e-5]
---------------------------------------------------

---------------------------------------------------
19
465.193359375
Real:
duration_parameter = 4.6607202400800265
susceptibility_parameters = [4.244414804934978, 7.402467489163055, 1.5765255085028342, 6.102367455818606, 6.125708569523175, 3.446148716238746, 6.545848616205402]    
temperature_parameters = [-0.9580760253417806, -0.6203734578192731, -0.15821940646882293, -0.1846282094031343, -0.7959919973324441, -0.9933977992664221, -0.8085361787262421]
immune_memory_susceptibility_levels = [0.8132710903634545, 0.9349783261087029, 0.7277425808602868, 0.5113371123707903, 0.863621207069023, 0.8294431477159053, 0.7404134711570524]
mean_immunity_durations = [29.373457819273092, 297.4388129376459, 64.47315771923974, 135.59019673224407, 331.27675891963986, 305.92697565855286, 35.22340780260087]   
random_infection_probabilities = [0.001970323441147049, 0.0005583527842614205, 0.0003850616872290764, 8.371123707902634e-6]
---------------------------------------------------

---------------------------------------------------
20
467.39385986328125
Real:
duration_parameter = 3.851283761253751
susceptibility_parameters = [5.250416805601867, 2.9023007669223073, 6.800266755585195, 3.9083027675891966, 6.9916638879626545, 2.1810603534511506, 6.732577525841947] 
temperature_parameters = [-0.09483827942647549, -0.9696298766255419, -0.864324774924975, -0.7263387795931977, -0.10210070023341111, -0.9626975658552851, -0.25857285761920645]
immune_memory_susceptibility_levels = [0.6128709569856619, 0.6848949649883295, 0.910970323441147, 0.6712237412470824, 0.5438479493164388, 0.9166388796265421, 0.8849616538846282]
mean_immunity_durations = [157.95765255085027, 64.35845281760587, 314.0710236745582, 82.13771257085696, 305.81227075691896, 231.36878959653217, 48.29976658886295]    
random_infection_probabilities = [0.001638212737579193, 0.0006740580193397799, 0.0003251417139046349, 1.3126042014004667e-5]
---------------------------------------------------