---------------------------------------------------
1
351.9057312011719
Real: 871.5129353272567
duration_parameter = 3.3764588196065355
susceptibility_parameters = [6.557519173057686, 4.708902967655885, 1.1540513504501502, 5.017005668556186, 7.019673224408136, 5.675225075025009, 7.729243081027009]
temperature_parameters = [-0.8719173057685895, -0.7022407469156385, -0.13082027342447478, -0.8299933311103701, -0.8369256418806269, -0.16119039679893288, -0.9461920640213405]
immune_memory_susceptibility_levels = [0.7972657552517506, 0.6550516838946315, 0.9764921640546849, 0.5056685561853951, 0.9766588862954317, 0.7800933644548182, 0.8582860953651217]
mean_immunity_durations = [262.2244081360453, 99.11403801267089, 251.78626208736245, 71.92897632544182, 140.29309769923307, 29.48816272090697, 330.9326442147382]
random_infection_probabilities = [0.001788262754251417, 0.0007485828609536513, 0.0004500833611203735, 1.126542180726909e-5]
---------------------------------------------------

---------------------------------------------------
2
372.5256652832031
Real: 524.2130082965745
duration_parameter = 4.5178392797599205
susceptibility_parameters = [5.777925975325108, 5.327442480826942, 1.4038012670890296, 3.014338112704235, 5.441813937979326, 3.4181393797932644, 3.735578526175392]
temperature_parameters = [-0.901297099033011, -0.8233911303767922, -0.14237412470823607, -0.051263754584861654, -0.46225075025008333, -0.8323041013671224, 
-0.29950650216738905]
immune_memory_susceptibility_levels = [0.6295431810603535, 0.5603534511503835, 0.5778592864288096, 0.9856618872957652, 0.6675558519506501, 0.9064688229409803, 0.5586862287429143]
mean_immunity_durations = [336.32377459153054, 342.403134378126, 162.20173391130376, 256.1450483494498, 243.2980993664555, 69.06135378459487, 115.05801933977993]
random_infection_probabilities = [0.0011133711237079026, 0.000964488162720907, 0.00025151717239079693, 1.0618539513171055e-5]
---------------------------------------------------

---------------------------------------------------
3
374.7872314453125
Real: 477.0439341054017
duration_parameter = 4.780926975658553
susceptibility_parameters = [3.4694898299433143, 7.799266422140714, 5.927309103034345, 2.923307769256419, 4.930643547849283, 6.611203734578193, 6.676558852950984]
temperature_parameters = [-0.6144314771590531, -0.32591530510170064, -0.11365455151717241, -0.6781427142380794, -0.7425141713904635, -0.13610203401133714, 
-0.7458152717572524]
immune_memory_susceptibility_levels = [0.717572524174725, 0.6220406802267422, 0.5883627875958652, 0.9144714904968323, 0.7217405801933978, 0.5075025008336113, 0.6112037345781928]
mean_immunity_durations = [174.81927309103034, 76.74658219406469, 252.1303767922641, 237.4481493831277, 184.9133044348116, 281.9536512170724, 72.73191063687895]
random_infection_probabilities = [0.00118972990996999, 0.0007385795265088363, 0.0003753584528176059, 1.0458486162054018e-5]
---------------------------------------------------

---------------------------------------------------
4
381.6268310546875
Real: 481.6107619832619
duration_parameter = 4.712904301433811
susceptibility_parameters = [7.327775925308436, 6.657885961987329, 6.132710903634544, 7.122374124708236, 2.699233077692564, 3.8849616538846283, 7.297432477492498]
temperature_parameters = [-0.38665555185061684, -0.5827409136378794, -0.9448716238746249, -0.5411470490163388, -0.4444248082694231, -0.8375858619539847, -0.7283194398132711]
immune_memory_susceptibility_levels = [0.5720240080026675, 0.802434144714905, 0.5480160053351117, 0.5465155051683894, 0.6280426808936312, 0.5121707235745249, 0.711403801267089]
mean_immunity_durations = [165.87229076358787, 195.81027009003, 179.52217405801935, 185.486828942981, 299.5035011670557, 99.5728576192064, 137.54018006002002]
random_infection_probabilities = [0.0018409469823274425, 0.0008116038679559853, 0.00028352784261420475, 1.292930976992331e-5]
---------------------------------------------------

---------------------------------------------------
5
390.2291564941406
Real: 433.93173159957234
duration_parameter = 4.661887295765255
susceptibility_parameters = [2.465821940646882, 3.1450483494498167, 1.8192730910303434, 4.979659886628877, 5.112704234744915, 3.019006335445148, 3.0213404468156053]
temperature_parameters = [-0.9115305101700567, -0.1915605201733912, -0.062157385795265085, -0.6388596198732911, -0.6203734578192731, -0.9333177725908637, -0.2823407802600868]
immune_memory_susceptibility_levels = [0.5916972324108036, 0.9376458819606536, 0.889296432144048, 0.7177392464154718, 0.8672890963654551, 0.7082360786928976, 0.9449816605535178]
mean_immunity_durations = [284.0183394464822, 101.6375458486162, 183.53684561520507, 299.27409136378793, 83.28476158719573, 215.99833277759254, 42.22040680226742]
random_infection_probabilities = [0.0016312104034678226, 0.0009616538846282095, 0.00046988996332110705, 5.226742247415806e-6]
---------------------------------------------------

---------------------------------------------------
6
390.8614501953125
Real: 513.8434435824261
duration_parameter = 4.669889963321107
susceptibility_parameters = [3.3667889296432145, 5.899299766588863, 1.3851283761253752, 6.102367455818606, 6.0813604534844945, 5.803601200400133, 6.216738912970991]
temperature_parameters = [-0.18891963987996008, -0.8187695898632877, -0.7893897965988663, -0.09714904968322768, -0.43221073691230416, -0.014951650550183437, -0.4744648216072024]
immune_memory_susceptibility_levels = [0.8617872624208069, 0.5926975658552851, 0.8401133711237079, 0.7835945315105035, 0.6332110703567856, 0.515838612870957, 0.9083027675891964]
mean_immunity_durations = [91.08469489829943, 261.88029343114374, 103.70223407802601, 149.92830943647883, 189.6162054018006, 235.38346115371792, 142.01367122374126]
random_infection_probabilities = [0.0011907302434144716, 0.0007062354118039346, 0.00023021007002334114, 9.891630543514504e-6]
---------------------------------------------------

---------------------------------------------------
7
400.3598327636719
Real: 411.14271590784585
duration_parameter = 4.351783927975992
susceptibility_parameters = [3.847615871957319, 6.205068356118706, 6.6648882960987, 7.274091363787929, 5.868956318772924, 7.117705901967322, 4.1837279093031015]
temperature_parameters = [-0.31106035345115035, -0.2711170390130043, -0.4302300766922308, -0.9745815271757252, -0.5444481493831277, -0.2476792264088029, -0.1786862287429143]
immune_memory_susceptibility_levels = [0.847782594198066, 0.7212404134711571, 0.9839946648882961, 0.9949983327775925, 0.5448482827609203, 0.9954984994998333, 0.6213737912637546]
mean_immunity_durations = [78.35245081693898, 163.69289763254417, 171.378126042014, 191.79559853284428, 42.67922640880293, 324.3944648216072, 176.99866622207404]
random_infection_probabilities = [0.0011053684561520506, 0.0008912970990330111, 0.00021940646882294098, 5.023341113704569e-6]
---------------------------------------------------

---------------------------------------------------
8
411.0016784667969
Real: -
duration_parameter = 3.6665555185061685
susceptibility_parameters = [3.952650883627876, 5.9109703234411475, 6.657885961987329, 6.902967655885295, 5.6332110703567855, 6.996332110703568, 7.899633211070356]
temperature_parameters = [-0.0796532177392465, -0.06644881627209076, -0.6906868956318772, -0.8296632210736912, -0.8379159719906636, -0.8613537845948649, -0.8342847615871958]
immune_memory_susceptibility_levels = [0.6947315771923974, 0.972490830276759, 0.9331443814604868, 0.6737245748582861, 0.7574191397132377, 0.6247082360786929, 0.5333444481493831]
mean_immunity_durations = [72.84661553851284, 40.270423474491494, 139.03134378126043, 310.4004668222741, 222.53651217072357, 164.03701233744582, 178.1457152384128]
random_infection_probabilities = [0.001308436145381794, 0.0005308436145381794, 0.0004366788929643215, 5.730243414471491e-6]
---------------------------------------------------

---------------------------------------------------
9
416.14764404296875
Real: 618.0240519807938
duration_parameter = 4.795931977325775
susceptibility_parameters = [4.209403134378126, 4.174391463821274, 2.5801933977992664, 5.404468156052017, 4.389129709903301, 2.12270756918973, 3.8452817605868623]
temperature_parameters = [-0.23810603534511499, -0.09186728909636555, -0.9953784594864955, -0.6543747915971991, -0.4071223741247082, -0.41603534511503837, 
-0.4936112037345781]
immune_memory_susceptibility_levels = [0.9304768256085362, 0.796432144048016, 0.7994331443814605, 0.8019339779926642, 0.5261753917972658, 0.6183727909303101, 0.7247415805268422]
mean_immunity_durations = [232.97465821940648, 154.40180060020006, 295.94764921640547, 159.10470156718907, 245.8216072024008, 266.00966988996333, 101.75225075025008]
random_infection_probabilities = [0.001978326108702901, 0.0007620873624541514, 0.0004204734911637212, 5.110036678892965e-6]
---------------------------------------------------

---------------------------------------------------
10
416.7210998535156
Real: 618.0845420194877
duration_parameter = 3.9536512170723572
susceptibility_parameters = [3.630543514504835, 5.2784261420473495, 2.146048682894298, 5.070690230076692, 4.0530176725575195, 1.8916305435145049, 3.163721240413471]
temperature_parameters = [-0.9778826275425142, -0.6520640213404468, -0.3292164054684895, -0.9448716238746249, -0.12091697232410803, -0.5830710236745582, -0.5705268422807602]
immune_memory_susceptibility_levels = [0.7814271423807936, 0.537512504168056, 0.9703234411470489, 0.764754918306102, 0.9893297765921973, 0.8726242080693565, 0.9581527175725242]
mean_immunity_durations = [263.3714571523841, 208.3131043681227, 253.27742580860286, 350.4324774924975, 142.93131043681228, 91.08469489829943, 263.9449816605535]
random_infection_probabilities = [0.0015165055018339446, 0.0006528842947649216, 0.00029673224408136045, 1.3126042014004667e-5]
---------------------------------------------------

---------------------------------------------------
11
416.7225646972656
Real:
duration_parameter = 3.3524508169389797
susceptibility_parameters = [6.191063687895966, 6.048682894298099, 3.474158052684228, 5.924974991663888, 4.617872624208069, 1.361787262420807, 3.1473824608202734]
temperature_parameters = [-0.3176625541847282, -0.9138412804268089, -0.7124741580526842, -0.5503901300433478, -0.5015338446148716, -0.44244414804934984, -0.5972657552517506]
immune_memory_susceptibility_levels = [0.6792264088029343, 0.871623874624875, 0.9713237745915305, 0.6448816272090697, 0.8032677559186395, 0.5931977325775258, 0.8874624874958319]
mean_immunity_durations = [63.21140380126709, 104.61987329109704, 114.71390463487829, 207.62487495831945, 323.2474158052684, 242.2657552517506, 360.64121373791266]
random_infection_probabilities = [0.0010053351117039013, 0.0008462820940313438, 0.0004943981327109037, 1.2279093031010337e-5]
---------------------------------------------------

---------------------------------------------------
12
422.7329406738281
Real:
duration_parameter = 3.418472824274758
susceptibility_parameters = [3.4321440480160055, 5.724241413804601, 4.099699899966655, 4.568856285428476, 7.803934644881627, 7.407135711903968, 2.7832610870290098]
temperature_parameters = [-0.737892630876959, -0.32492497499166395, -0.23777592530843616, -0.9372790930310103, -0.27837945981994006, -0.9300166722240747, -0.051923974658219296]
immune_memory_susceptibility_levels = [0.5481827275758586, 0.6440480160053351, 0.6838946315438479, 0.9101367122374124, 0.9549849949983328, 0.5306768922974325, 0.9364788262754251]
mean_immunity_durations = [234.58052684228076, 344.00900300100034, 133.64021340446817, 250.4098032677559, 297.5535178392798, 342.9766588862954, 187.6662220740247]
random_infection_probabilities = [0.0019926642214071356, 0.0009756585528509504, 0.0003639546515505169, 8.224408136045349e-6]
---------------------------------------------------

---------------------------------------------------
13
423.2585754394531
Real:
duration_parameter = 4.642880960320107
susceptibility_parameters = [5.784928309436479, 5.1197065688562855, 3.254751583861287, 4.326108702900967, 1.487829276425475, 4.643547849283094, 5.24808269423141]
temperature_parameters = [-0.9471823941313772, -0.05720573524508166, -0.5969356452150717, -0.6514038012670891, -0.5999066355451818, -0.9521340446815605, -0.34737245748582857]
immune_memory_susceptibility_levels = [0.9428142714238079, 0.7499166388796266, 0.5176725575191731, 0.711570523507836, 0.634378126042014, 0.6700566855618539, 0.8667889296432144]
mean_immunity_durations = [277.0213404468156, 332.8826275425142, 36.71457152384128, 306.1563854618206, 126.52850950316773, 131.91963987996, 254.99799933311104]
random_infection_probabilities = [0.0013351117039013005, 0.0009243081027009003, 0.0004225741913971324, 1.1498832944314771e-5]
---------------------------------------------------

---------------------------------------------------
14
438.9827880859375
Real:
duration_parameter = 4.955985328442814
susceptibility_parameters = [5.819939979993331, 3.462487495831944, 3.0400133377792597, 3.448482827609203, 4.277092364121374, 3.6398799599866623, 4.713571190396799]
temperature_parameters = [-0.10903301100366802, -0.22160053351117037, -0.8006135378459487, -0.7676025341780593, -0.6863954651550517, -0.20971657219073025, 
-0.31073024341447153]
immune_memory_susceptibility_levels = [0.703567855951984, 0.5806935645215072, 0.5831943981327109, 0.6253751250416806, 0.8067689229743248, 0.9951650550183395, 0.7994331443814605]
mean_immunity_durations = [46.46448816272091, 218.98066022007336, 349.5148382794265, 354.90596865621876, 304.89463154384794, 336.32377459153054, 285.7389129709903]
random_infection_probabilities = [0.0015838612870956986, 0.0006802267422474158, 0.00026042014004668224, 9.518172724241413e-6]
---------------------------------------------------

---------------------------------------------------
15
441.3690185546875
Real:
duration_parameter = 4.433811270423474
susceptibility_parameters = [3.166055351783928, 4.545515171723908, 2.6805601867289095, 3.9083027675891966, 5.76158719573191, 1.9593197732577528, 2.239413137712571]
temperature_parameters = [-0.47545515171723907, -0.31238079359786597, -0.44244414804934984, -0.49163054351450486, -0.2892730910303435, -0.626645548516172, 
-0.1215771923974659]
immune_memory_susceptibility_levels = [0.7624208069356453, 0.5655218406135378, 0.6692230743581193, 0.8629543181060353, 0.788762920973658, 0.7030676892297433, 0.9951650550183395]
mean_immunity_durations = [27.996998999666555, 38.435145048349455, 148.78126042014003, 226.5511837279093, 243.64221407135713, 243.756918972991, 66.7672557519173]
random_infection_probabilities = [0.0016418806268756253, 0.0008674558186062022, 0.00021970656885628544, 8.53784594864955e-6]
---------------------------------------------------

---------------------------------------------------
16
451.0462341308594
Real:
duration_parameter = 4.43081027009003
susceptibility_parameters = [6.790930310103368, 5.511837279093031, 3.308436145381794, 5.357785928642881, 4.58052684228076, 3.756585528509503, 6.839946648882961]
temperature_parameters = [-0.1496365455151718, -0.7240280093364455, -0.011650550183394448, -0.3836845615205069, -0.8095265088362787, -0.35661553851283767, 
-0.7801467155718573]
immune_memory_susceptibility_levels = [0.5526842280760254, 0.910970323441147, 0.7619206402134044, 0.7152384128042681, 0.7209069689896632, 0.8019339779926642, 0.6608869623207736]
mean_immunity_durations = [267.38612870956985, 119.07269089696565, 261.07735911970656, 80.64654884961654, 125.95498499499833, 302.71523841280424, 235.4981660553518]
random_infection_probabilities = [0.0013271090363454485, 0.0007105701900633545, 0.0003815605201733912, 1.4999999999999999e-5]
---------------------------------------------------

---------------------------------------------------
17
459.1338195800781
Real:
duration_parameter = 4.8789596532177395
susceptibility_parameters = [5.85028342780927, 3.50216738912971, 7.064021340446816, 4.648216072024008, 2.4238079359786595, 5.684561520506835, 5.915638546182061]
temperature_parameters = [-0.5728376125375125, -0.9029476492164055, -0.12784928309436483, -0.7679326442147383, -0.5817505835278427, -0.7151150383461153, -0.3094098032677559]
immune_memory_susceptibility_levels = [0.5898632877625876, 0.9678226075358453, 0.7890963654551517, 0.6005335111703901, 0.7939313104368122, 0.9901633877959319, 0.6787262420806935]
mean_immunity_durations = [93.26408802934311, 255.34211403801268, 66.65255085028343, 245.01867289096364, 336.782594198066, 334.2590863621207, 147.5195065021674]
random_infection_probabilities = [0.0011013671223741247, 0.0007829276425475158, 0.00028292764254751583, 7.057352450816939e-6]
---------------------------------------------------

---------------------------------------------------
18
459.87225341796875
Real:
duration_parameter = 3.8526175391797266
susceptibility_parameters = [7.785261753917973, 6.3987995998666225, 1.798266088696232, 5.481493831277092, 2.003667889296432, 2.6968989663221077, 6.47349116372124]
temperature_parameters = [-0.3467122374124708, -0.09912970990330106, -0.29257419139713237, -0.40976325441813943, -0.03508836278759586, -0.5239813271090363, -0.5262920973657885]
immune_memory_susceptibility_levels = [0.6700566855618539, 0.9513171057019006, 0.7967655885295098, 0.6085361787262421, 0.5880293431143715, 0.8724574858286096, 0.8741247082360787]
mean_immunity_durations = [141.2107369123041, 140.0636878959653, 29.258752917639214, 288.3771257085695, 123.77559186395465, 300.65055018339444, 129.28142714238078]
random_infection_probabilities = [0.0014174724908302767, 0.0008961320440146715, 0.00022310770256752253, 7.130710236745582e-6]
---------------------------------------------------

---------------------------------------------------
19
463.70556640625
Real:
duration_parameter = 3.316438812937646
susceptibility_parameters = [7.514504834944981, 4.930643547849283, 4.365788596198733, 4.307435811937312, 1.1073691230410136, 2.7995998666222075, 3.761253751250417]
temperature_parameters = [-0.9891063687895966, -0.8356052017339113, -0.8154684894964989, -0.13940313437812613, -0.9379393131043681, -0.37840280093364453, -0.9940580193397799]
immune_memory_susceptibility_levels = [0.6197065688562854, 0.8034344781593865, 0.7874291430476825, 0.7975991997332443, 0.7657552517505835, 0.673891297099033, 0.889296432144048]
mean_immunity_durations = [195.3514504834945, 330.9326442147382, 343.2060686895632, 125.95498499499833, 123.43147715905302, 94.52584194731577, 169.8869623207736]
random_infection_probabilities = [0.0015605201733911304, 0.0007359119706568856, 0.000440380126708903, 9.76492164054685e-6]
---------------------------------------------------

---------------------------------------------------
20
466.3995056152344
Real:
duration_parameter = 4.961987329109704
susceptibility_parameters = [7.33944648216072, 4.886295431810604, 7.164388129376459, 7.264754918306102, 5.203734578192731, 4.746248749583194, 6.118706235411804]
temperature_parameters = [-0.7299699899966656, -0.72567855951984, -0.8128276092030677, -0.5025241747249083, -0.8626742247415805, -0.4038212737579193, -0.2744181393797933]
immune_memory_susceptibility_levels = [0.8397799266422141, 0.9169723241080361, 0.7942647549183062, 0.6808936312104035, 0.5405135045015005, 0.8772924308102701, 0.7250750250083361]
mean_immunity_durations = [219.66888962987662, 77.66422140713571, 126.87262420806935, 231.2540846948983, 306.0416805601867, 37.058686228742914, 85.34944981660554]
random_infection_probabilities = [0.0012347449149716573, 0.0005033344448149383, 0.0003325441813937979, 1.0205068356118706e-5]